Timestamp,Temperature (°C),Relative Humidity (%),PM.5+,PM2.5+,Time,PMfine,PM 2.5 Federal Standard
2019-10-27 00:00:49.084663,24.20000076,99.90000153,885,111, 00:00,7.74,12
2019-10-27 00:01:48.874698,24.20000076,99.90000153,873,94, 00:01,7.79,12
2019-10-27 00:02:48.664649,24.20000076,99.90000153,933,116, 00:02,8.17,12
2019-10-27 00:03:48.454730,24.20000076,99.90000153,916,113, 00:03,8.03,12
2019-10-27 00:04:48.244771,24.29999924,99.90000153,929,125, 00:04,8.04,12
2019-10-27 00:05:48.034685,24.29999924,99.90000153,919,111, 00:05,8.08,12
2019-10-27 00:06:47.834630,,,917,117, 00:06,8,12
2019-10-27 00:07:47.624692,24.29999924,99.90000153,951,109, 00:07,8.42,12
2019-10-27 00:08:47.404647,24.29999924,99.90000153,875,108, 00:08,7.67,12
2019-10-27 00:09:47.194653,24.29999924,99.90000153,901,107, 00:09,7.94,12
2019-10-27 00:10:46.984700,24.29999924,99.90000153,946,116, 00:10,8.3,12
2019-10-27 00:11:46.774660,24.29999924,99.90000153,886,109, 00:11,7.77,12
2019-10-27 00:12:46.564611,24.29999924,99.90000153,904,108, 00:12,7.96,12
2019-10-27 00:13:46.354704,24.29999924,99.90000153,866,98, 00:13,7.68,12
2019-10-27 00:14:46.144664,24.39999962,99.90000153,842,100, 00:14,7.42,12
2019-10-27 00:15:45.924762,24.39999962,99.90000153,853,95, 00:15,7.58,12
2019-10-27 00:16:45.714713,24.39999962,99.90000153,833,101, 00:16,7.32,12
2019-10-27 00:17:45.504697,24.5,99.90000153,850,96, 00:17,7.54,12
2019-10-27 00:18:45.294702,24.39999962,99.90000153,858,98, 00:18,7.6,12
2019-10-27 00:19:45.084716,24.39999962,99.90000153,874,104, 00:19,7.7,12
2019-10-27 00:20:44.874651,24.39999962,99.90000153,824,86, 00:20,7.38,12
2019-10-27 00:21:44.654704,24.39999962,99.90000153,831,94, 00:21,7.37,12
2019-10-27 00:22:44.444651,24.39999962,99.90000153,803,96, 00:22,7.07,12
2019-10-27 00:23:44.244619,24.39999962,99.90000153,813,101, 00:23,7.12,12
2019-10-27 00:24:44.034706,24.39999962,99.90000153,820,96, 00:24,7.24,12
2019-10-27 00:25:43.824642,24.39999962,99.90000153,809,104, 00:25,7.05,12
2019-10-27 00:26:43.604664,,,806,99, 00:26,7.07,12
2019-10-27 00:27:43.394695,24.39999962,99.90000153,801,96, 00:27,7.05,12
2019-10-27 00:28:43.184643,24.29999924,99.90000153,800,92, 00:28,7.08,12
2019-10-27 00:29:42.974623,24.29999924,99.90000153,805,95, 00:29,7.1,12
2019-10-27 00:30:42.764693,24.29999924,99.90000153,809,93, 00:30,7.16,12
2019-10-27 00:31:42.554637,24.29999924,99.90000153,831,98, 00:31,7.33,12
2019-10-27 00:32:42.334741,24.29999924,99.90000153,788,96, 00:32,6.92,12
2019-10-27 00:33:42.124676,24.20000076,99.90000153,778,96, 00:33,6.82,12
2019-10-27 00:34:41.914629,24.20000076,99.90000153,772,94, 00:34,6.78,12
2019-10-27 00:35:41.704723,24.20000076,99.90000153,786,89, 00:35,6.97,12
2019-10-27 00:36:41.494672,24.20000076,99.90000153,795,96, 00:36,6.99,12
2019-10-27 00:37:41.284620,24.20000076,99.90000153,754,98, 00:37,6.56,12
2019-10-27 00:38:41.074727,24.29999924,99.90000153,769,101, 00:38,6.68,12
2019-10-27 00:39:40.864709,24.29999924,99.90000153,774,99, 00:39,6.75,12
2019-10-27 00:40:40.654629,,,774,90, 00:40,6.84,12
2019-10-27 00:41:40.444718,24.29999924,99.90000153,769,93, 00:41,6.76,12
2019-10-27 00:42:40.234684,24.39999962,99.90000153,786,101, 00:42,6.85,12
2019-10-27 00:43:40.014718,24.39999962,99.90000153,763,83, 00:43,6.8,12
2019-10-27 00:44:39.804699,24.39999962,99.90000153,762,90, 00:44,6.72,12
2019-10-27 00:45:39.594637,24.39999962,99.90000153,765,87, 00:45,6.78,12
2019-10-27 00:46:39.384705,24.29999924,99.90000153,781,89, 00:46,6.92,12
2019-10-27 00:47:39.174657,24.39999962,99.90000153,744,98, 00:47,6.46,12
2019-10-27 00:48:38.964739,24.39999962,99.90000153,761,93, 00:48,6.68,12
2019-10-27 00:49:38.754728,24.39999962,99.90000153,731,87, 00:49,6.44,12
2019-10-27 00:50:38.544670,24.39999962,99.90000153,742,103, 00:50,6.39,12
2019-10-27 00:51:38.334742,24.39999962,99.90000153,747,94, 00:51,6.53,12
2019-10-27 00:52:38.124734,24.39999962,99.90000153,742,95, 00:52,6.47,12
2019-10-27 00:53:37.914650,24.39999962,99.90000153,726,88, 00:53,6.38,12
2019-10-27 00:54:37.704723,24.39999962,99.90000153,734,94, 00:54,6.4,12
2019-10-27 00:55:37.494675,24.39999962,99.90000153,716,79, 00:55,6.37,12
2019-10-27 00:56:37.284628,24.39999962,99.90000153,716,84, 00:56,6.32,12
2019-10-27 00:57:37.074714,24.39999962,99.90000153,702,83, 00:57,6.19,12
2019-10-27 00:58:36.864652,24.39999962,99.90000153,775,99, 00:58,6.76,12
2019-10-27 00:59:36.654606,24.39999962,99.90000153,718,86, 00:59,6.32,12
2019-10-27 01:00:36.444664,24.39999962,99.90000153,703,85, 01:00,6.18,12
2019-10-27 01:01:36.234670,24.39999962,99.90000153,679,79, 01:01,6,12
2019-10-27 01:02:36.034686,24.39999962,99.90000153,680,81, 01:02,5.99,12
2019-10-27 01:03:35.814669,24.39999962,99.90000153,659,84, 01:03,5.75,12
2019-10-27 01:04:35.614630,24.39999962,99.90000153,673,88, 01:04,5.85,12
2019-10-27 01:05:35.404692,24.39999962,99.90000153,665,89, 01:05,5.76,12
2019-10-27 01:06:35.194633,24.39999962,99.90000153,665,92, 01:06,5.73,12
2019-10-27 01:07:34.984714,24.39999962,99.90000153,668,89, 01:07,5.79,12
2019-10-27 01:08:34.774659,,,625,81, 01:08,5.44,12
2019-10-27 01:09:34.564747,24.39999962,99.90000153,624,70, 01:09,5.54,12
2019-10-27 01:10:34.354700,24.39999962,99.90000153,614,72, 01:10,5.42,12
2019-10-27 01:11:34.144710,24.39999962,99.90000153,598,75, 01:11,5.23,12
2019-10-27 01:12:33.924738,24.39999962,99.90000153,602,73, 01:12,5.29,12
2019-10-27 01:13:33.714691,24.5,99.90000153,580,64, 01:13,5.16,12
2019-10-27 01:14:33.504734,24.5,99.90000153,616,66, 01:14,5.5,12
2019-10-27 01:15:33.294688,24.60000038,99.90000153,666,80, 01:15,5.86,12
2019-10-27 01:16:33.084656,24.60000038,99.90000153,574,71, 01:16,5.03,12
2019-10-27 01:17:32.874723,24.60000038,99.90000153,543,64, 01:17,4.79,12
2019-10-27 01:18:32.664672,24.60000038,99.90000153,512,60, 01:18,4.52,12
2019-10-27 01:19:32.454785,24.60000038,99.90000153,469,52, 01:19,4.17,12
2019-10-27 01:20:32.244653,24.60000038,99.90000153,438,41, 01:20,3.97,12
2019-10-27 01:21:32.034722,24.60000038,99.90000153,403,37, 01:21,3.66,12
2019-10-27 01:22:31.824677,24.60000038,99.90000153,402,39, 01:22,3.63,12
2019-10-27 01:23:31.614621,24.5,99.90000153,381,35, 01:23,3.46,12
2019-10-27 01:24:31.404777,24.5,99.90000153,349,29, 01:24,3.2,12
2019-10-27 01:25:31.194642,24.5,99.90000153,366,29, 01:25,3.37,12
2019-10-27 01:26:30.984696,24.39999962,99.90000153,353,31, 01:26,3.22,12
2019-10-27 01:27:30.774687,24.29999924,99.90000153,379,30, 01:27,3.49,12
2019-10-27 01:28:30.564593,24.20000076,99.90000153,375,30, 01:28,3.45,12
2019-10-27 01:29:30.344657,24.20000076,99.90000153,376,25, 01:29,3.51,12
2019-10-27 01:30:30.134736,24.10000038,99.90000153,352,28, 01:30,3.24,12
2019-10-27 01:31:29.934675,24,99.90000153,403,38, 01:31,3.65,12
2019-10-27 01:32:29.724723,24,99.90000153,392,31, 01:32,3.61,12
2019-10-27 01:33:29.514728,,,375,24, 01:33,3.51,12
2019-10-27 01:34:29.304610,23.89999962,99.90000153,409,38, 01:34,3.71,12
2019-10-27 01:35:29.094687,23.79999924,99.90000153,408,34, 01:35,3.74,12
2019-10-27 01:36:28.884643,23.79999924,99.90000153,418,30, 01:36,3.88,12
2019-10-27 01:37:28.664720,23.70000076,99.90000153,399,22, 01:37,3.77,12
2019-10-27 01:38:28.454670,23.79999924,99.90000153,386,31, 01:38,3.55,12
2019-10-27 01:39:28.244731,23.70000076,99.90000153,413,27, 01:39,3.86,12
2019-10-27 01:40:28.034643,23.70000076,99.90000153,415,31, 01:40,3.84,12
2019-10-27 01:41:27.814610,23.70000076,99.90000153,436,36, 01:41,4,12
2019-10-27 01:42:27.604664,23.70000076,99.90000153,465,37, 01:42,4.28,12
2019-10-27 01:43:27.394726,23.70000076,99.90000153,433,35, 01:43,3.98,12
2019-10-27 01:44:27.184683,23.60000038,99.90000153,437,38, 01:44,3.99,12
2019-10-27 01:45:26.974680,23.60000038,99.90000153,459,36, 01:45,4.23,12
2019-10-27 01:46:26.764737,23.60000038,99.90000153,433,38, 01:46,3.95,12
2019-10-27 01:47:26.544655,23.60000038,99.90000153,437,37, 01:47,4,12
2019-10-27 01:48:26.334720,23.60000038,99.90000153,456,38, 01:48,4.18,12
2019-10-27 01:49:26.114660,23.60000038,99.90000153,442,36, 01:49,4.06,12
2019-10-27 01:50:25.904720,23.5,99.90000153,458,38, 01:50,4.2,12
2019-10-27 01:51:25.694649,23.5,99.90000153,443,30, 01:51,4.13,12
2019-10-27 01:52:25.484696,23.5,99.90000153,438,39, 01:52,3.99,12
2019-10-27 01:53:25.274648,23.5,99.90000153,477,40, 01:53,4.37,12
2019-10-27 01:54:25.064604,23.5,99.90000153,457,37, 01:54,4.2,12
2019-10-27 01:55:24.854706,23.5,99.90000153,433,39, 01:55,3.94,12
2019-10-27 01:56:24.634630,23.5,99.90000153,477,45, 01:56,4.32,12
2019-10-27 01:57:24.424696,23.5,99.90000153,457,33, 01:57,4.24,12
2019-10-27 01:58:24.214614,23.5,99.90000153,429,37, 01:58,3.92,12
2019-10-27 01:59:23.994678,23.5,99.90000153,448,39, 01:59,4.09,12
2019-10-27 02:00:23.784592,23.60000038,99.90000153,438,34, 02:00,4.04,12
2019-10-27 02:01:23.574668,23.60000038,99.90000153,427,38, 02:01,3.89,12
2019-10-27 02:02:23.354728,23.60000038,99.90000153,443,34, 02:02,4.09,12
2019-10-27 02:03:23.144664,23.60000038,99.90000153,447,36, 02:03,4.11,12
2019-10-27 02:04:22.934750,23.60000038,99.90000153,449,44, 02:04,4.05,12
2019-10-27 02:05:22.714715,23.60000038,99.90000153,415,41, 02:05,3.74,12
2019-10-27 02:06:22.504628,23.60000038,99.90000153,392,37, 02:06,3.55,12
2019-10-27 02:07:22.294690,23.60000038,99.90000153,429,41, 02:07,3.88,12
2019-10-27 02:08:22.074659,23.60000038,99.90000153,415,35, 02:08,3.8,12
2019-10-27 02:09:21.864706,23.60000038,99.90000153,398,36, 02:09,3.62,12
2019-10-27 02:11:21.434698,23.60000038,99.90000153,401,39, 02:11,3.62,12
2019-10-27 02:13:21.004679,23.5,99.90000153,390,32, 02:13,3.58,12
2019-10-27 02:15:20.574683,23.60000038,99.90000153,369,38, 02:15,3.31,12
2019-10-27 02:17:20.144686,23.60000038,99.90000153,396,44, 02:17,3.52,12
2019-10-27 02:19:19.724724,23.60000038,99.90000153,404,36, 02:19,3.68,12
2019-10-27 02:20:19.504691,23.5,99.90000153,411,42, 02:20,3.69,12
2019-10-27 02:21:19.294685,23.5,99.90000153,394,35, 02:21,3.59,12
2019-10-27 02:22:19.074634,23.5,99.90000153,406,42, 02:22,3.64,12
2019-10-27 02:23:18.864700,23.39999962,99.90000153,424,44, 02:23,3.8,12
2019-10-27 02:24:18.654674,23.39999962,99.90000153,405,35, 02:24,3.7,12
2019-10-27 02:25:18.444702,23.39999962,99.90000153,416,44, 02:25,3.72,12
2019-10-27 02:26:18.224755,23.29999924,99.90000153,402,40, 02:26,3.62,12
2019-10-27 02:27:18.014689,23.29999924,99.90000153,406,37, 02:27,3.69,12
2019-10-27 02:28:17.804729,23.29999924,99.90000153,410,37, 02:28,3.73,12
2019-10-27 02:29:17.584659,23.29999924,99.90000153,421,46, 02:29,3.75,12
2019-10-27 02:30:17.374702,23.29999924,99.90000153,434,47, 02:30,3.87,12
2019-10-27 02:31:17.154627,23.29999924,99.90000153,426,41, 02:31,3.85,12
2019-10-27 02:32:16.944679,23.29999924,99.90000153,435,46, 02:32,3.89,12
2019-10-27 02:33:16.724729,23.20000076,99.90000153,435,49, 02:33,3.86,12
2019-10-27 02:34:16.514743,23.10000038,99.90000153,460,44, 02:34,4.16,12
2019-10-27 02:35:16.304662,23.20000076,99.90000153,451,45, 02:35,4.06,12
2019-10-27 02:36:16.084710,23.10000038,99.90000153,435,47, 02:36,3.88,12
2019-10-27 02:37:15.874644,23.10000038,99.90000153,450,44, 02:37,4.06,12
2019-10-27 02:38:15.664684,23.10000038,99.90000153,445,45, 02:38,4,12
2019-10-27 02:39:15.454729,23.10000038,99.90000153,480,50, 02:39,4.3,12
2019-10-27 02:40:15.234701,23.10000038,99.90000153,453,48, 02:40,4.05,12
2019-10-27 02:41:15.024706,23.10000038,99.90000153,435,50, 02:41,3.85,12
2019-10-27 02:42:14.814647,23,99.90000153,446,44, 02:42,4.02,12
2019-10-27 02:43:14.594690,23,99.90000153,474,45, 02:43,4.29,12
2019-10-27 02:44:14.384614,23,99.90000153,471,47, 02:44,4.24,12
2019-10-27 02:45:14.174662,23,99.90000153,439,45, 02:45,3.94,12
2019-10-27 02:46:13.964742,23,99.90000153,465,59, 02:46,4.06,12
2019-10-27 02:47:13.744650,23,99.90000153,496,52, 02:47,4.44,12
2019-10-27 02:48:13.534711,,,455,47, 02:48,4.08,12
2019-10-27 02:49:13.324640,22.89999962,99.90000153,464,52, 02:49,4.12,12
2019-10-27 02:50:13.104684,22.89999962,99.90000153,450,47, 02:50,4.03,12
2019-10-27 02:51:12.894747,22.89999962,99.90000153,470,57, 02:51,4.13,12
2019-10-27 02:52:12.684633,22.89999962,99.90000153,478,50, 02:52,4.28,12
2019-10-27 02:53:12.464727,22.89999962,99.90000153,473,53, 02:53,4.2,12
2019-10-27 02:54:12.474748,22.89999962,99.90000153,471,51, 02:54,4.2,12
2019-10-27 02:55:12.044669,,,464,52, 02:55,4.12,12
2019-10-27 02:56:11.824619,22.89999962,99.90000153,459,57, 02:56,4.02,12
2019-10-27 02:57:11.614783,22.79999924,99.90000153,446,39, 02:57,4.07,12
2019-10-27 02:58:11.394726,22.89999962,99.90000153,469,55, 02:58,4.14,12
2019-10-27 02:59:11.184661,22.89999962,99.90000153,445,45, 02:59,4,12
2019-10-27 03:00:10.974692,22.89999962,99.90000153,473,49, 03:00,4.24,12
2019-10-27 03:01:10.754646,23,99.90000153,479,51, 03:01,4.28,12
2019-10-27 03:02:10.544707,23,99.90000153,487,52, 03:02,4.35,12
2019-10-27 03:03:10.324650,23,99.90000153,462,52, 03:03,4.1,12
2019-10-27 03:04:10.114724,23,99.90000153,488,56, 03:04,4.32,12
2019-10-27 03:05:09.904687,23,99.90000153,469,51, 03:05,4.18,12
2019-10-27 03:06:09.694708,22.89999962,99.90000153,480,51, 03:06,4.29,12
2019-10-27 03:07:09.474647,22.89999962,99.90000153,472,52, 03:07,4.2,12
2019-10-27 03:08:09.264670,23,99.90000153,487,53, 03:08,4.34,12
2019-10-27 03:09:09.044629,23,99.90000153,509,61, 03:09,4.48,12
2019-10-27 03:10:08.834671,23,99.90000153,477,57, 03:10,4.2,12
2019-10-27 03:11:08.624618,22.89999962,99.90000153,469,56, 03:11,4.13,12
2019-10-27 03:12:08.414694,,,474,55, 03:12,4.19,12
2019-10-27 03:13:08.204614,22.89999962,99.90000153,476,49, 03:13,4.27,12
2019-10-27 03:14:07.984668,22.89999962,99.90000153,471,52, 03:14,4.19,12
2019-10-27 03:15:07.774647,22.89999962,99.90000153,482,50, 03:15,4.32,12
2019-10-27 03:16:07.564676,22.89999962,99.90000153,481,61, 03:16,4.2,12
2019-10-27 03:17:07.354615,,,513,63, 03:17,4.5,12
2019-10-27 03:18:07.134677,22.89999962,99.90000153,464,47, 03:18,4.17,12
2019-10-27 03:19:06.924756,22.89999962,99.90000153,455,48, 03:19,4.07,12
2019-10-27 03:20:06.714707,22.89999962,99.90000153,489,61, 03:20,4.28,12
2019-10-27 03:21:06.504752,22.89999962,99.90000153,463,55, 03:21,4.08,12
2019-10-27 03:22:06.294715,22.89999962,99.90000153,454,47, 03:22,4.07,12
2019-10-27 03:23:06.074738,22.89999962,99.90000153,465,52, 03:23,4.13,12
2019-10-27 03:24:05.864677,22.89999962,99.90000153,465,58, 03:24,4.07,12
2019-10-27 03:25:05.654736,22.89999962,99.90000153,476,58, 03:25,4.18,12
2019-10-27 03:26:05.444767,22.89999962,99.90000153,500,56, 03:26,4.44,12
2019-10-27 03:27:05.234707,22.79999924,99.90000153,467,63, 03:27,4.04,12
2019-10-27 03:28:05.024602,22.79999924,99.90000153,489,59, 03:28,4.3,12
2019-10-27 03:29:04.814665,22.89999962,99.90000153,494,67, 03:29,4.27,12
2019-10-27 03:30:04.604752,22.89999962,99.90000153,489,57, 03:30,4.32,12
2019-10-27 03:31:04.394662,23,99.90000153,504,64, 03:31,4.4,12
2019-10-27 03:32:04.184605,23,99.90000153,492,66, 03:32,4.26,12
2019-10-27 03:33:03.974674,22.89999962,99.90000153,482,65, 03:33,4.17,12
2019-10-27 03:34:03.764752,22.89999962,99.90000153,489,60, 03:34,4.29,12
2019-10-27 03:35:03.554695,22.89999962,99.90000153,480,59, 03:35,4.21,12
2019-10-27 03:36:03.344773,22.89999962,99.90000153,494,60, 03:36,4.34,12
2019-10-27 03:37:03.124707,,,499,65, 03:37,4.34,12
2019-10-27 03:38:02.914737,22.89999962,99.90000153,548,77, 03:38,4.71,12
2019-10-27 03:39:02.704676,22.89999962,99.90000153,547,71, 03:39,4.76,12
2019-10-27 03:40:02.494869,22.79999924,99.90000153,506,67, 03:40,4.39,12
2019-10-27 03:41:02.284668,22.79999924,99.90000153,492,70, 03:41,4.22,12
2019-10-27 03:42:02.074747,22.79999924,99.90000153,439,61, 03:42,3.78,12
2019-10-27 03:43:01.864638,22.70000076,99.90000153,427,66, 03:43,3.61,12
2019-10-27 03:44:01.654809,22.70000076,99.90000153,449,73, 03:44,3.76,12
2019-10-27 03:45:01.454618,22.60000038,99.90000153,416,64, 03:45,3.52,12
2019-10-27 03:46:01.244674,22.5,99.90000153,441,66, 03:46,3.75,12
2019-10-27 03:47:01.024759,22.39999962,99.90000153,430,65, 03:47,3.65,12
2019-10-27 03:48:00.814692,22.29999924,99.90000153,403,67, 03:48,3.36,12
2019-10-27 03:49:00.604658,22.20000076,99.90000153,411,67, 03:49,3.44,12
2019-10-27 03:50:00.394739,22.20000076,99.90000153,403,70, 03:50,3.33,12
2019-10-27 03:51:00.184781,22.10000038,99.90000153,371,59, 03:51,3.12,12
2019-10-27 03:51:59.964676,22,99.90000153,375,54, 03:51,3.21,12
2019-10-27 03:52:59.754731,22,99.90000153,386,71, 03:52,3.15,12
2019-10-27 03:53:59.544691,21.89999962,99.90000153,388,64, 03:53,3.24,12
2019-10-27 03:54:59.324694,21.79999924,99.90000153,362,64, 03:54,2.98,12
2019-10-27 03:55:59.114606,21.79999924,99.90000153,359,61, 03:55,2.98,12
2019-10-27 03:56:58.894748,21.70000076,99.90000153,359,62, 03:56,2.97,12
2019-10-27 03:57:58.674704,21.70000076,99.90000153,356,58, 03:57,2.98,12
2019-10-27 03:58:58.464719,21.60000038,99.80000305,337,59, 03:58,2.78,12
2019-10-27 03:59:58.244651,21.5,99.69999695,341,60, 03:59,2.81,12
2019-10-27 04:00:58.024694,21.5,99.90000153,345,61, 04:00,2.84,12
2019-10-27 04:01:57.814705,,,347,64, 04:01,2.83,12
2019-10-27 04:02:57.594753,21.29999924,99.90000153,341,62, 04:02,2.79,12
2019-10-27 04:03:57.384661,21.29999924,99.69999695,338,59, 04:03,2.79,12
2019-10-27 04:04:57.164705,21.20000076,99.80000305,345,58, 04:04,2.87,12
2019-10-27 04:05:56.944733,21.10000038,99.90000153,329,62, 04:05,2.67,12
2019-10-27 04:06:56.734676,21.10000038,99.80000305,344,56, 04:06,2.88,12
2019-10-27 04:07:56.514680,21.10000038,99.90000153,327,51, 04:07,2.76,12
2019-10-27 04:08:56.294656,21,99.90000153,346,61, 04:08,2.85,12
2019-10-27 04:09:56.074635,21,99.90000153,348,61, 04:09,2.87,12
2019-10-27 04:10:55.864732,21,99.90000153,344,56, 04:10,2.88,12
2019-10-27 04:11:55.644741,21,99.90000153,340,60, 04:11,2.8,12
2019-10-27 04:12:55.424674,21,99.90000153,324,50, 04:12,2.74,12
2019-10-27 04:13:55.204681,20.89999962,99.90000153,324,57, 04:13,2.67,12
2019-10-27 04:14:54.994724,20.89999962,99.90000153,310,55, 04:14,2.55,12
2019-10-27 04:15:54.774668,20.89999962,99.90000153,322,49, 04:15,2.73,12
2019-10-27 04:16:54.564713,20.89999962,99.90000153,305,52, 04:16,2.53,12
2019-10-27 04:17:54.344597,20.79999924,99.5,325,53, 04:17,2.72,12
2019-10-27 04:18:54.124648,20.79999924,99.90000153,301,48, 04:18,2.53,12
2019-10-27 04:19:53.904845,20.70000076,99.80000305,309,58, 04:19,2.51,12
2019-10-27 04:20:53.684727,20.70000076,99.40000153,314,59, 04:20,2.55,12
2019-10-27 04:21:53.474736,20.60000038,99.59999847,294,51, 04:21,2.43,12
2019-10-27 04:22:53.254624,20.60000038,99.80000305,299,53, 04:22,2.46,12
2019-10-27 04:23:53.034642,20.60000038,99.80000305,283,51, 04:23,2.32,12
2019-10-27 04:24:52.814707,20.60000038,99.69999695,276,40, 04:24,2.36,12
2019-10-27 04:25:52.594707,20.60000038,99.90000153,322,51, 04:25,2.71,12
2019-10-27 04:26:52.374629,20.60000038,99.80000305,293,48, 04:26,2.45,12
2019-10-27 04:27:52.154771,20.60000038,99.59999847,304,47, 04:27,2.57,12
2019-10-27 04:28:51.934661,20.5,99.59999847,305,52, 04:28,2.53,12
2019-10-27 04:29:51.714729,20.5,99.69999695,299,45, 04:29,2.54,12
2019-10-27 04:30:51.494779,20.5,99.90000153,312,55, 04:30,2.57,12
2019-10-27 04:31:51.274666,20.5,99.90000153,297,51, 04:31,2.46,12
2019-10-27 04:32:51.054731,20.5,99.40000153,301,48, 04:32,2.53,12
2019-10-27 04:33:50.834710,20.39999962,99.69999695,306,50, 04:33,2.56,12
2019-10-27 04:34:50.614738,20.39999962,99.5,322,56, 04:34,2.66,12
2019-10-27 04:35:50.394740,20.39999962,99.90000153,300,49, 04:35,2.51,12
2019-10-27 04:36:50.174656,20.39999962,99.69999695,289,44, 04:36,2.45,12
2019-10-27 04:37:49.954686,20.29999924,99.09999847,296,41, 04:37,2.55,12
2019-10-27 04:38:49.734733,20.29999924,99.30000305,282,51, 04:38,2.31,12
2019-10-27 04:39:49.514637,20.29999924,99.19999695,286,47, 04:39,2.39,12
2019-10-27 04:40:49.294672,20.29999924,99.09999847,296,54, 04:40,2.42,12
2019-10-27 04:41:49.074702,20.29999924,99,264,42, 04:41,2.22,12
2019-10-27 04:42:48.854779,20.29999924,98.80000305,268,40, 04:42,2.28,12
2019-10-27 04:43:48.634669,20.29999924,98.69999695,291,45, 04:43,2.46,12
2019-10-27 04:44:48.414670,20.20000076,98.59999847,281,45, 04:44,2.36,12
2019-10-27 04:45:48.184712,20.20000076,98.5,263,42, 04:45,2.21,12
2019-10-27 04:46:47.974616,20.20000076,98.19999695,278,41, 04:46,2.37,12
2019-10-27 04:47:47.754673,,,259,45, 04:47,2.14,12
2019-10-27 04:48:47.534717,20.10000038,98.5,259,47, 04:48,2.12,12
2019-10-27 04:49:47.304624,20.10000038,98.5,272,47, 04:49,2.25,12
2019-10-27 04:50:47.084653,20,98.30000305,256,49, 04:50,2.07,12
2019-10-27 04:51:46.864666,20,98.5,268,46, 04:51,2.22,12
2019-10-27 04:52:46.644735,20,98.69999695,252,40, 04:52,2.12,12
2019-10-27 04:53:46.424646,19.89999962,98.69999695,284,51, 04:53,2.33,12
2019-10-27 04:54:46.204733,19.89999962,98.90000153,258,38, 04:54,2.2,12
2019-10-27 04:55:45.984700,19.89999962,99.09999847,281,45, 04:55,2.36,12
2019-10-27 04:56:45.764635,19.89999962,98.80000305,270,42, 04:56,2.28,12
2019-10-27 04:57:45.544643,19.89999962,99,279,48, 04:57,2.31,12
2019-10-27 04:58:45.324715,19.79999924,99.09999847,276,44, 04:58,2.32,12
2019-10-27 04:59:45.104594,19.79999924,99.40000153,245,42, 04:59,2.03,12
2019-10-27 05:00:44.874665,19.79999924,99.09999847,260,39, 05:00,2.21,12
2019-10-27 05:01:44.654732,19.79999924,98.90000153,287,50, 05:01,2.37,12
2019-10-27 05:02:44.434774,19.79999924,99.30000305,282,46, 05:02,2.36,12
2019-10-27 05:03:44.204652,19.70000076,99.19999695,274,48, 05:03,2.26,12
2019-10-27 05:04:43.984689,19.70000076,99.09999847,280,42, 05:04,2.38,12
2019-10-27 05:05:43.764682,19.70000076,99.40000153,284,42, 05:05,2.42,12
2019-10-27 05:06:43.534673,19.70000076,99.09999847,277,47, 05:06,2.3,12
2019-10-27 05:07:43.314667,19.79999924,99.30000305,282,51, 05:07,2.31,12
2019-10-27 05:08:43.094679,19.79999924,99.09999847,281,48, 05:08,2.33,12
2019-10-27 05:09:42.874705,19.79999924,99.40000153,267,50, 05:09,2.17,12
2019-10-27 05:10:42.654754,19.79999924,99.40000153,284,51, 05:10,2.33,12
2019-10-27 05:11:42.434757,19.79999924,99.09999847,275,47, 05:11,2.28,12
2019-10-27 05:12:42.214646,19.79999924,99.09999847,264,42, 05:12,2.22,12
2019-10-27 05:13:41.994614,19.79999924,98.90000153,283,41, 05:13,2.42,12
2019-10-27 05:14:41.774684,19.79999924,98.90000153,275,41, 05:14,2.34,12
2019-10-27 05:15:41.554657,19.79999924,99.09999847,300,48, 05:15,2.52,12
2019-10-27 05:16:41.334679,19.79999924,99.09999847,309,47, 05:16,2.62,12
2019-10-27 05:17:41.104690,19.70000076,98.90000153,278,45, 05:17,2.33,12
2019-10-27 05:18:40.884695,19.70000076,98.69999695,322,49, 05:18,2.73,12
2019-10-27 05:19:40.664590,19.70000076,98.90000153,306,35, 05:19,2.71,12
2019-10-27 05:20:40.434721,19.60000038,98.80000305,309,40, 05:20,2.69,12
2019-10-27 05:21:40.214612,19.70000076,98.80000305,316,48, 05:21,2.68,12
2019-10-27 05:22:39.994606,19.60000038,99,315,50, 05:22,2.65,12
2019-10-27 05:23:39.774627,19.60000038,98.80000305,320,46, 05:23,2.74,12
2019-10-27 05:24:39.554647,,,301,40, 05:24,2.61,12
2019-10-27 05:25:39.334632,19.5,99,295,44, 05:25,2.51,12
2019-10-27 05:26:39.114661,19.5,98.90000153,318,44, 05:26,2.74,12
2019-10-27 05:27:38.894676,19.5,98.90000153,324,50, 05:27,2.74,12
2019-10-27 05:28:38.674687,19.5,98.90000153,302,39, 05:28,2.63,12
2019-10-27 05:29:38.454668,19.5,98.80000305,319,46, 05:29,2.73,12
2019-10-27 05:30:38.224716,19.39999962,98.69999695,334,51, 05:30,2.83,12
2019-10-27 05:31:38.004680,19.5,98.69999695,317,48, 05:31,2.69,12
2019-10-27 05:32:37.784707,19.39999962,98.90000153,324,50, 05:32,2.74,12
2019-10-27 05:33:37.564750,19.5,99.09999847,326,53, 05:33,2.73,12
2019-10-27 05:34:37.344722,19.39999962,98.69999695,336,48, 05:34,2.88,12
2019-10-27 05:35:37.114737,19.39999962,98.69999695,312,45, 05:35,2.67,12
2019-10-27 05:36:36.884754,19.5,98.90000153,335,52, 05:36,2.83,12
2019-10-27 05:37:36.664617,19.39999962,98.69999695,331,53, 05:37,2.78,12
2019-10-27 05:38:36.434628,19.39999962,98.59999847,337,57, 05:38,2.8,12
2019-10-27 05:39:36.214636,19.39999962,98.59999847,316,43, 05:39,2.73,12
2019-10-27 05:40:35.984677,19.39999962,98.80000305,344,50, 05:40,2.94,12
2019-10-27 05:41:35.764670,19.39999962,99,332,50, 05:41,2.82,12
2019-10-27 05:42:35.534679,19.29999924,98.80000305,325,49, 05:42,2.76,12
2019-10-27 05:43:35.314699,19.29999924,98.69999695,348,54, 05:43,2.94,12
2019-10-27 05:44:35.084705,19.29999924,98.80000305,339,49, 05:44,2.9,12
2019-10-27 05:45:34.854597,19.29999924,98.80000305,322,50, 05:45,2.72,12
2019-10-27 05:46:34.634619,19.29999924,98.80000305,341,56, 05:46,2.85,12
2019-10-27 05:47:34.404618,19.29999924,98.90000153,333,52, 05:47,2.81,12
2019-10-27 05:48:34.184676,19.29999924,99.09999847,336,45, 05:48,2.91,12
2019-10-27 05:49:33.954656,19.29999924,99.09999847,336,51, 05:49,2.85,12
2019-10-27 05:50:33.734687,19.20000076,99.30000305,354,52, 05:50,3.02,12
2019-10-27 05:51:33.504685,19.20000076,99.19999695,347,53, 05:51,2.94,12
2019-10-27 05:56:32.394727,19.20000076,99.5,351,51, 05:56,3,12
2019-10-27 05:57:32.174722,19.10000038,99.69999695,363,52, 05:57,3.11,12
2019-10-27 05:58:31.954700,,,340,52, 05:58,2.88,12
2019-10-27 05:59:31.734718,19.10000038,99.69999695,371,58, 05:59,3.13,12
2019-10-27 06:00:31.504712,19.10000038,99.69999695,356,50, 06:00,3.06,12
2019-10-27 06:01:31.284686,19.10000038,99.80000305,358,51, 06:01,3.07,12
2019-10-27 06:02:31.064713,19.10000038,99.80000305,362,56, 06:02,3.06,12
2019-10-27 06:03:30.844672,19.10000038,99.80000305,350,49, 06:03,3.01,12
2019-10-27 06:04:30.624685,19.10000038,99.59999847,362,59, 06:04,3.03,12
2019-10-27 06:05:30.394691,,,353,58, 06:05,2.95,12
2019-10-27 06:06:30.174675,19,99.59999847,361,56, 06:06,3.05,12
2019-10-27 06:07:29.954673,,,362,53, 06:07,3.09,12
2019-10-27 06:08:29.734685,19.10000038,99.69999695,364,56, 06:08,3.08,12
2019-10-27 06:09:29.514668,19.10000038,99.69999695,357,57, 06:09,3,12
2019-10-27 06:10:29.284700,19.10000038,99.19999695,351,54, 06:10,2.97,12
2019-10-27 06:11:29.064671,19.10000038,99.19999695,350,53, 06:11,2.97,12
2019-10-27 06:12:28.834742,19.10000038,99.19999695,348,64, 06:12,2.84,12
2019-10-27 06:13:28.604693,19.10000038,99.19999695,329,59, 06:13,2.7,12
2019-10-27 06:14:28.384689,19.10000038,99.40000153,336,49, 06:14,2.87,12
2019-10-27 06:15:28.154693,19.10000038,99.30000305,321,50, 06:15,2.71,12
2019-10-27 06:16:27.924691,19.10000038,99.19999695,347,62, 06:16,2.85,12
2019-10-27 06:17:27.704672,19.10000038,99,377,62, 06:17,3.15,12
2019-10-27 06:18:27.474673,19,98.90000153,349,52, 06:18,2.97,12
2019-10-27 06:19:27.244629,19.10000038,99.09999847,345,57, 06:19,2.88,12
2019-10-27 06:20:27.014763,19.10000038,99.19999695,345,57, 06:20,2.88,12
2019-10-27 06:21:26.794693,19,99.40000153,372,66, 06:21,3.06,12
2019-10-27 06:22:26.564620,19,99.30000305,343,59, 06:22,2.84,12
2019-10-27 06:23:26.334716,19,99.40000153,332,51, 06:23,2.81,12
2019-10-27 06:24:26.104653,19,98.69999695,348,65, 06:24,2.83,12
2019-10-27 06:25:25.884747,19,98.5,338,63, 06:25,2.75,12
2019-10-27 06:26:25.654693,19,98.80000305,343,61, 06:26,2.82,12
2019-10-27 06:27:25.424791,19,99.09999847,303,51, 06:27,2.52,12
2019-10-27 06:28:25.204700,19,98.80000305,310,45, 06:28,2.65,12
2019-10-27 06:29:24.974655,19,97.90000153,336,55, 06:29,2.81,12
2019-10-27 06:30:24.744762,19,98,322,54, 06:30,2.68,12
2019-10-27 06:31:24.514725,19,98.09999847,325,56, 06:31,2.69,12
2019-10-27 06:32:24.284663,18.89999962,98,304,50, 06:32,2.54,12
2019-10-27 06:33:24.064627,19,97.90000153,312,56, 06:33,2.56,12
2019-10-27 06:34:23.834728,19,97.40000153,285,45, 06:34,2.4,12
2019-10-27 06:35:23.604763,18.89999962,97.59999847,308,47, 06:35,2.61,12
2019-10-27 06:36:23.384676,19,97.80000305,314,51, 06:36,2.63,12
2019-10-27 06:37:23.154746,18.89999962,97.69999695,291,52, 06:37,2.39,12
2019-10-27 06:38:22.934768,18.89999962,97.30000305,298,52, 06:38,2.46,12
2019-10-27 06:39:22.704733,18.89999962,97.40000153,287,46, 06:39,2.41,12
2019-10-27 06:40:22.474685,18.89999962,97.40000153,288,42, 06:40,2.46,12
2019-10-27 06:41:22.254704,18.89999962,97.19999695,280,48, 06:41,2.32,12
2019-10-27 06:42:22.024672,18.79999924,97.19999695,302,50, 06:42,2.52,12
2019-10-27 06:43:21.794672,18.79999924,97.19999695,282,46, 06:43,2.36,12
2019-10-27 06:45:21.334710,18.79999924,97,304,50, 06:45,2.54,12
2019-10-27 06:47:20.874728,18.79999924,97.09999847,287,46, 06:47,2.41,12
2019-10-27 06:49:20.414688,18.70000076,97.19999695,250,38, 06:49,2.12,12
2019-10-27 06:51:19.964650,18.60000038,97.19999695,278,48, 06:51,2.3,12
2019-10-27 06:53:19.514677,18.60000038,97.19999695,275,40, 06:53,2.35,12
2019-10-27 06:54:19.284648,18.5,97.09999847,255,39, 06:54,2.16,12
2019-10-27 06:55:19.054640,18.5,97.40000153,274,42, 06:55,2.32,12
2019-10-27 06:56:18.824646,18.5,97.19999695,255,34, 06:56,2.21,12
2019-10-27 06:57:18.594789,18.39999962,97.30000305,273,43, 06:57,2.3,12
2019-10-27 06:58:18.374647,18.39999962,97.30000305,259,40, 06:58,2.19,12
2019-10-27 06:59:18.144624,18.29999924,97.40000153,263,44, 06:59,2.19,12
2019-10-27 07:00:17.914664,18.20000076,97.30000305,266,37, 07:00,2.29,12
2019-10-27 07:01:17.684585,18.20000076,97.40000153,261,37, 07:01,2.24,12
2019-10-27 07:02:17.464656,18.20000076,97.5,269,46, 07:02,2.23,12
2019-10-27 07:03:17.234592,18.10000038,97.5,283,45, 07:03,2.38,12
2019-10-27 07:04:17.004678,18.10000038,97.40000153,263,38, 07:04,2.25,12
2019-10-27 07:05:16.774778,18,97.40000153,268,44, 07:05,2.24,12
2019-10-27 07:06:16.544673,18,97.59999847,261,46, 07:06,2.15,12
2019-10-27 07:07:16.314618,18,97.69999695,264,41, 07:07,2.23,12
2019-10-27 07:08:16.084734,18,97.80000305,266,40, 07:08,2.26,12
2019-10-27 07:09:15.854673,17.89999962,97.90000153,254,43, 07:09,2.11,12
2019-10-27 07:10:15.624726,17.89999962,97.80000305,275,39, 07:10,2.36,12
2019-10-27 07:11:15.394649,,,282,49, 07:11,2.33,12
2019-10-27 07:12:15.164702,17.79999924,98.09999847,269,45, 07:12,2.24,12
2019-10-27 07:13:14.934690,17.70000076,98,281,46, 07:13,2.35,12
2019-10-27 07:14:14.704720,17.70000076,98.30000305,287,51, 07:14,2.36,12
2019-10-27 07:15:14.474724,17.70000076,98.19999695,273,38, 07:15,2.35,12
2019-10-27 07:16:14.244851,17.60000038,98.30000305,290,45, 07:16,2.45,12
2019-10-27 07:17:14.014617,17.60000038,98.19999695,287,47, 07:17,2.4,12
2019-10-27 07:18:13.784671,17.60000038,98.40000153,303,38, 07:18,2.65,12
2019-10-27 07:19:13.554721,17.5,98.69999695,256,34, 07:19,2.22,12
2019-10-27 07:20:13.314609,17.5,98.69999695,270,39, 07:20,2.31,12
2019-10-27 07:21:13.084652,17.5,98.80000305,283,45, 07:21,2.38,12
2019-10-27 07:22:12.854735,17.39999962,98.80000305,282,36, 07:22,2.46,12
2019-10-27 07:23:12.624622,17.39999962,98.80000305,277,46, 07:23,2.31,12
2019-10-27 07:24:12.394686,17.39999962,98.90000153,277,42, 07:24,2.35,12
2019-10-27 07:25:12.164614,,,277,41, 07:25,2.36,12
2019-10-27 07:26:11.924683,17.39999962,98.59999847,284,41, 07:26,2.43,12
2019-10-27 07:27:11.694707,17.39999962,99.09999847,284,40, 07:27,2.44,12
2019-10-27 07:28:11.464708,17.29999924,98.90000153,273,45, 07:28,2.28,12
2019-10-27 07:29:11.234681,17.29999924,99.09999847,267,46, 07:29,2.21,12
2019-10-27 07:30:11.004635,17.29999924,99.19999695,284,38, 07:30,2.46,12
2019-10-27 07:31:10.764705,17.29999924,99.09999847,283,44, 07:31,2.39,12
2019-10-27 07:32:10.534667,17.29999924,99.09999847,274,45, 07:32,2.29,12
2019-10-27 07:33:10.304629,17.29999924,99,291,42, 07:33,2.49,12
2019-10-27 07:34:10.074746,17.29999924,99.30000305,290,39, 07:34,2.51,12
2019-10-27 07:35:09.844717,17.29999924,99.19999695,287,44, 07:35,2.43,12
2019-10-27 07:36:09.604668,17.29999924,99.30000305,260,40, 07:36,2.2,12
2019-10-27 07:37:09.374633,17.29999924,99.40000153,269,39, 07:37,2.3,12
2019-10-27 07:38:09.144740,17.29999924,99.40000153,277,48, 07:38,2.29,12
2019-10-27 07:39:08.914700,17.29999924,99.30000305,271,43, 07:39,2.28,12
2019-10-27 07:40:08.674700,17.29999924,99.19999695,257,36, 07:40,2.21,12
2019-10-27 07:41:08.444673,,,266,39, 07:41,2.27,12
2019-10-27 07:42:08.214664,17.29999924,99.19999695,275,42, 07:42,2.33,12
2019-10-27 07:43:07.984735,,,276,32, 07:43,2.44,12
2019-10-27 07:44:07.754675,17.29999924,99.19999695,260,38, 07:44,2.22,12
2019-10-27 07:45:07.514729,,,280,43, 07:45,2.37,12
2019-10-27 07:46:07.284643,17.29999924,99.19999695,270,36, 07:46,2.34,12
2019-10-27 07:47:07.054729,17.29999924,99.09999847,283,43, 07:47,2.4,12
2019-10-27 07:48:06.824701,17.39999962,98.90000153,260,39, 07:48,2.21,12
2019-10-27 07:49:06.594657,17.39999962,99.09999847,291,41, 07:49,2.5,12
2019-10-27 07:50:06.354722,17.29999924,98.90000153,268,41, 07:50,2.27,12
2019-10-27 07:51:06.124698,17.29999924,98.90000153,257,38, 07:51,2.19,12
2019-10-27 07:52:05.884788,17.29999924,98.90000153,285,42, 07:52,2.43,12
2019-10-27 07:53:05.654711,17.29999924,99.19999695,264,42, 07:53,2.22,12
2019-10-27 07:54:05.424694,17.39999962,99.30000305,281,33, 07:54,2.48,12
2019-10-27 07:55:05.194748,17.39999962,99,280,41, 07:55,2.39,12
2019-10-27 07:56:04.954735,,,293,45, 07:56,2.48,12
2019-10-27 07:57:04.724702,17.39999962,98.69999695,289,52, 07:57,2.37,12
2019-10-27 07:58:04.494674,17.29999924,98.90000153,270,37, 07:58,2.33,12
2019-10-27 07:59:04.264645,17.29999924,98.90000153,280,38, 07:59,2.42,12
2019-10-27 08:00:04.034705,17.29999924,98.59999847,284,42, 08:00,2.42,12
2019-10-27 08:01:03.804677,17.39999962,98.90000153,301,39, 08:01,2.62,12
2019-10-27 08:02:03.574654,17.29999924,98.5,326,49, 08:02,2.77,12
2019-10-27 08:03:03.344675,17.29999924,98.80000305,281,40, 08:03,2.41,12
2019-10-27 08:04:03.114626,17.29999924,98.80000305,309,45, 08:04,2.64,12
2019-10-27 08:05:02.874702,17.29999924,98.90000153,330,45, 08:05,2.85,12
2019-10-27 08:06:02.644674,17.20000076,98.59999847,326,44, 08:06,2.82,12
2019-10-27 08:07:02.414677,17.20000076,99.19999695,329,45, 08:07,2.84,12
2019-10-27 08:08:02.174681,17.20000076,98.90000153,325,47, 08:08,2.78,12
2019-10-27 08:09:01.944657,17.10000038,99.09999847,324,44, 08:09,2.8,12
2019-10-27 08:10:01.714646,17.10000038,99.19999695,314,44, 08:10,2.7,12
2019-10-27 08:11:01.484769,17.10000038,99.5,329,43, 08:11,2.86,12
2019-10-27 08:12:01.254763,17.10000038,99.30000305,337,47, 08:12,2.9,12
2019-10-27 08:13:01.024711,17,99.30000305,330,41, 08:13,2.89,12
2019-10-27 08:14:00.784672,17.10000038,99.40000153,343,40, 08:14,3.03,12
2019-10-27 08:15:00.564658,17.10000038,99.40000153,347,49, 08:15,2.98,12
2019-10-27 08:16:00.334625,17.10000038,99.40000153,355,58, 08:16,2.97,12
2019-10-27 08:17:00.104761,17.10000038,99.09999847,342,45, 08:17,2.97,12
2019-10-27 08:17:59.874604,17.20000076,99.09999847,347,41, 08:17,3.06,12
2019-10-27 08:18:59.644601,,,367,47, 08:18,3.2,12
2019-10-27 08:19:59.404583,17.20000076,98.69999695,375,48, 08:19,3.27,12
2019-10-27 08:20:59.174708,17.29999924,98.80000305,360,47, 08:20,3.13,12
2019-10-27 08:21:58.944699,17.29999924,98.90000153,383,58, 08:21,3.25,12
2019-10-27 08:22:58.714665,17.20000076,98.90000153,342,46, 08:22,2.96,12
2019-10-27 08:23:58.484738,17.20000076,99.09999847,338,42, 08:23,2.96,12
2019-10-27 08:24:58.254662,17.20000076,99.09999847,322,41, 08:24,2.81,12
2019-10-27 08:25:58.024639,17.20000076,99.09999847,329,42, 08:25,2.87,12
2019-10-27 08:26:57.794693,17.29999924,99.09999847,336,42, 08:26,2.94,12
2019-10-27 08:27:57.564669,17.29999924,98.90000153,339,51, 08:27,2.88,12
2019-10-27 08:28:57.324623,17.29999924,98.90000153,330,46, 08:28,2.84,12
2019-10-27 08:29:57.094703,17.29999924,98.69999695,356,50, 08:29,3.06,12
2019-10-27 08:30:56.864668,17.29999924,98.69999695,334,44, 08:30,2.9,12
2019-10-27 08:31:56.634634,17.39999962,99.19999695,353,54, 08:31,2.99,12
2019-10-27 08:32:56.394716,17.5,98.69999695,327,48, 08:32,2.79,12
2019-10-27 08:33:56.164709,17.60000038,98.69999695,353,56, 08:33,2.97,12
2019-10-27 08:34:55.934677,,,321,49, 08:34,2.72,12
2019-10-27 08:35:55.704663,17.70000076,98.40000153,347,54, 08:35,2.93,12
2019-10-27 08:36:55.464746,17.70000076,98.09999847,336,47, 08:36,2.89,12
2019-10-27 08:37:55.234707,17.79999924,98.19999695,332,41, 08:37,2.91,12
2019-10-27 08:38:55.004650,17.79999924,98.09999847,325,45, 08:38,2.8,12
2019-10-27 08:39:54.764628,17.89999962,97.90000153,331,51, 08:39,2.8,12
2019-10-27 08:40:54.534615,17.79999924,98,343,53, 08:40,2.9,12
2019-10-27 08:41:54.304684,17.79999924,97.80000305,351,52, 08:41,2.99,12
2019-10-27 08:42:54.064670,17.79999924,97.69999695,313,50, 08:42,2.63,12
2019-10-27 08:43:53.834625,17.79999924,97.80000305,337,51, 08:43,2.86,12
2019-10-27 08:44:53.594754,17.79999924,97.90000153,322,52, 08:44,2.7,12
2019-10-27 08:45:53.364707,17.89999962,97.69999695,339,51, 08:45,2.88,12
2019-10-27 08:46:53.134672,18,97.40000153,326,55, 08:46,2.71,12
2019-10-27 08:47:52.894775,18,97.30000305,319,49, 08:47,2.7,12
2019-10-27 08:48:52.664768,18.10000038,97.09999847,326,45, 08:48,2.81,12
2019-10-27 08:49:52.434584,18,96.90000153,337,44, 08:49,2.93,12
2019-10-27 08:50:52.204708,18.10000038,96.90000153,318,46, 08:50,2.72,12
2019-10-27 08:51:51.974659,18.10000038,97.09999847,298,40, 08:51,2.58,12
2019-10-27 08:52:51.744638,18.10000038,97,300,41, 08:52,2.59,12
2019-10-27 08:53:51.514740,18.10000038,96.69999695,315,54, 08:53,2.61,12
2019-10-27 08:54:51.284708,18.10000038,96.59999847,284,43, 08:54,2.41,12
2019-10-27 08:55:51.054754,18.10000038,96.69999695,278,44, 08:55,2.34,12
2019-10-27 08:56:50.834673,18.10000038,96.40000153,301,43, 08:56,2.58,12
2019-10-27 08:57:50.604655,18.10000038,96.19999695,288,47, 08:57,2.41,12
2019-10-27 08:58:50.374651,18.10000038,96,286,42, 08:58,2.44,12
2019-10-27 08:59:50.144781,18.10000038,95.69999695,293,41, 08:59,2.52,12
2019-10-27 09:00:49.914701,18.20000076,95.90000153,280,44, 09:00,2.36,12
2019-10-27 09:01:49.684732,18.20000076,95.69999695,278,45, 09:01,2.33,12
2019-10-27 09:02:49.464644,18.29999924,95.40000153,280,40, 09:02,2.4,12
2019-10-27 09:03:49.224630,18.5,95.09999847,289,50, 09:03,2.39,12
2019-10-27 09:04:49.004600,18.70000076,94.80000305,280,44, 09:04,2.36,12
2019-10-27 09:05:48.774713,19.10000038,94,263,38, 09:05,2.25,12
2019-10-27 09:06:48.544711,19.5,92.80000305,258,44, 09:06,2.14,12
2019-10-27 09:07:48.314673,,,261,48, 09:07,2.13,12
2019-10-27 09:08:48.094666,19.89999962,91.80000305,263,47, 09:08,2.16,12
2019-10-27 09:09:47.864604,20.10000038,91.59999847,266,35, 09:09,2.31,12
2019-10-27 09:10:47.634730,20.20000076,91.40000153,261,48, 09:10,2.13,12
2019-10-27 09:11:47.414699,20.5,90.69999695,267,44, 09:11,2.23,12
2019-10-27 09:12:47.184715,20.60000038,90.40000153,245,35, 09:12,2.1,12
2019-10-27 09:13:46.964680,20.60000038,90.30000305,262,48, 09:13,2.14,12
2019-10-27 09:14:46.734655,20.5,90.30000305,271,39, 09:14,2.32,12
2019-10-27 09:15:46.514878,20.39999962,90.09999847,265,47, 09:15,2.18,12
2019-10-27 09:16:46.284713,20.29999924,90.30000305,254,44, 09:16,2.1,12
2019-10-27 09:17:46.064674,20.10000038,90.40000153,263,44, 09:17,2.19,12
2019-10-27 09:18:45.834650,19.89999962,90.69999695,269,51, 09:18,2.18,12
2019-10-27 09:19:45.604664,19.70000076,91.40000153,254,37, 09:19,2.17,12
2019-10-27 09:20:45.374639,19.5,91.30000305,243,39, 09:20,2.04,12
2019-10-27 09:21:45.154727,19.39999962,91.90000153,250,42, 09:21,2.08,12
2019-10-27 09:22:44.924693,19.39999962,91.80000305,239,38, 09:22,2.01,12
2019-10-27 09:23:44.694700,19.39999962,91.5,247,45, 09:23,2.02,12
2019-10-27 09:24:44.474672,19.29999924,91.5,260,42, 09:24,2.18,12
2019-10-27 09:25:44.244674,19.20000076,91.59999847,236,36, 09:25,2,12
2019-10-27 09:26:44.014669,19.20000076,91.59999847,264,46, 09:26,2.18,12
2019-10-27 09:27:43.794762,19.20000076,91.30000305,250,40, 09:27,2.1,12
2019-10-27 09:28:43.564750,19.20000076,91.19999695,256,36, 09:28,2.2,12
2019-10-27 09:29:43.344743,19.20000076,91.19999695,236,40, 09:29,1.96,12
2019-10-27 09:30:43.114694,19.20000076,91.5,239,31, 09:30,2.08,12
2019-10-27 09:31:42.884650,19.20000076,91.69999695,256,33, 09:31,2.23,12
2019-10-27 09:32:42.664647,19.20000076,91.40000153,258,39, 09:32,2.19,12
2019-10-27 09:33:42.434630,19.20000076,91,253,41, 09:33,2.12,12
2019-10-27 09:34:42.204694,19.20000076,91.09999847,235,34, 09:34,2.01,12
2019-10-27 09:35:41.974722,19.10000038,91,239,31, 09:35,2.08,12
2019-10-27 09:36:41.754688,19.10000038,91.30000305,243,40, 09:36,2.03,12
2019-10-27 09:37:41.524679,19.10000038,91.19999695,232,31, 09:37,2.01,12
2019-10-27 09:38:41.294670,19.10000038,91.09999847,245,39, 09:38,2.06,12
2019-10-27 09:39:41.064774,19.10000038,91.19999695,266,42, 09:39,2.24,12
2019-10-27 09:40:40.834891,19,91.30000305,249,39, 09:40,2.1,12
2019-10-27 09:41:40.604740,19,91.69999695,264,41, 09:41,2.23,12
2019-10-27 09:42:40.374742,19,91.59999847,252,39, 09:42,2.13,12
2019-10-27 09:43:40.144686,19,91.40000153,254,33, 09:43,2.21,12
2019-10-27 09:44:39.914656,19,91.09999847,255,31, 09:44,2.24,12
2019-10-27 09:45:39.684649,19,91.09999847,249,38, 09:45,2.11,12
2019-10-27 09:46:39.454620,19.10000038,91.09999847,256,38, 09:46,2.18,12
2019-10-27 09:47:39.224723,19.20000076,91.19999695,251,29, 09:47,2.22,12
2019-10-27 09:48:38.994711,19.39999962,90.90000153,249,38, 09:48,2.11,12
2019-10-27 09:49:38.764715,19.5,90.69999695,240,34, 09:49,2.06,12
2019-10-27 09:50:38.534688,19.60000038,90.40000153,263,40, 09:50,2.23,12
2019-10-27 09:51:38.304647,,,250,39, 09:51,2.11,12
2019-10-27 09:52:38.064618,19.70000076,90.40000153,235,37, 09:52,1.98,12
2019-10-27 09:53:37.844632,19.79999924,90,245,36, 09:53,2.09,12
2019-10-27 09:54:37.614753,20,89.80000305,254,38, 09:54,2.16,12
2019-10-27 09:55:37.384782,20.10000038,89.09999847,229,32, 09:55,1.97,12
2019-10-27 09:56:37.154770,20.20000076,89,231,35, 09:56,1.96,12
2019-10-27 09:57:36.924631,20.79999924,87.30000305,218,38, 09:57,1.8,12
2019-10-27 09:58:36.694594,21.29999924,85.30000305,234,43, 09:58,1.91,12
2019-10-27 09:59:36.474704,21.70000076,83.59999847,218,37, 09:59,1.81,12
2019-10-27 10:00:36.244708,21.79999924,82.5,231,43, 10:00,1.88,12
2019-10-27 10:01:36.024700,21.79999924,82.09999847,241,44, 10:01,1.97,12
2019-10-27 10:02:35.794718,21.70000076,82.30000305,218,40, 10:02,1.78,12
2019-10-27 10:03:35.574697,21.5,82,220,32, 10:03,1.88,12
2019-10-27 10:04:35.354749,21.29999924,82.19999695,240,38, 10:04,2.02,12
2019-10-27 10:05:35.124696,21.29999924,82.19999695,218,40, 10:05,1.78,12
2019-10-27 10:06:34.904686,21.10000038,82.30000305,236,40, 10:06,1.96,12
2019-10-27 10:07:34.684688,21,82.59999847,224,40, 10:07,1.84,12
2019-10-27 10:08:34.454675,21,82.69999695,221,33, 10:08,1.88,12
2019-10-27 10:09:34.224723,20.89999962,83.5,233,35, 10:09,1.98,12
2019-10-27 10:10:34.004699,20.89999962,83.09999847,224,38, 10:10,1.86,12
2019-10-27 10:11:33.774786,20.89999962,82.90000153,218,30, 10:11,1.88,12
2019-10-27 10:12:33.554679,20.79999924,83.59999847,211,31, 10:12,1.8,12
2019-10-27 10:13:33.324664,20.79999924,83.40000153,222,38, 10:13,1.84,12
2019-10-27 10:14:33.104632,20.89999962,83,223,31, 10:14,1.92,12
2019-10-27 10:15:32.874644,20.79999924,83.19999695,218,35, 10:15,1.83,12
2019-10-27 10:16:32.654624,20.79999924,82.80000305,221,36, 10:16,1.85,12
2019-10-27 10:17:32.434610,20.70000076,82.5,209,31, 10:17,1.78,12
2019-10-27 10:18:32.204728,20.70000076,82.90000153,242,39, 10:18,2.03,12
2019-10-27 10:19:31.984724,20.60000038,82.19999695,242,39, 10:19,2.03,12
2019-10-27 10:20:31.764719,20.70000076,82.19999695,214,31, 10:20,1.83,12
2019-10-27 10:21:31.534589,20.70000076,82.69999695,207,36, 10:21,1.71,12
2019-10-27 10:22:31.314704,20.70000076,82.19999695,214,31, 10:22,1.83,12
2019-10-27 10:23:31.094714,20.79999924,82.09999847,240,37, 10:23,2.03,12
2019-10-27 10:24:30.864706,20.70000076,81.40000153,208,32, 10:24,1.76,12
2019-10-27 10:25:30.644712,20.79999924,81.90000153,208,30, 10:25,1.78,12
2019-10-27 10:26:30.414681,20.89999962,82.09999847,226,32, 10:26,1.94,12
2019-10-27 10:27:30.194664,20.89999962,80.90000153,226,33, 10:27,1.93,12
2019-10-27 10:28:29.974670,21.10000038,80.80000305,207,29, 10:28,1.78,12
2019-10-27 10:29:29.754641,21.5,80,224,35, 10:29,1.89,12
2019-10-27 10:30:29.524655,,,221,33, 10:30,1.88,12
2019-10-27 10:31:29.304659,22.10000038,78,213,28, 10:31,1.85,12
2019-10-27 10:32:29.084636,22.20000076,76.30000305,217,33, 10:32,1.84,12
2019-10-27 10:33:28.864588,22.20000076,76.30000305,207,37, 10:33,1.7,12
2019-10-27 10:34:28.644725,22.20000076,76.30000305,197,29, 10:34,1.68,12
2019-10-27 10:35:28.424706,22.60000038,75.59999847,210,36, 10:35,1.74,12
2019-10-27 10:36:28.204753,23.10000038,72.90000153,192,30, 10:36,1.62,12
2019-10-27 10:37:27.984681,23.70000076,72.09999847,209,30, 10:37,1.79,12
2019-10-27 10:38:27.764674,24.20000076,70.09999847,184,28, 10:38,1.56,12
2019-10-27 10:39:27.554674,24.79999924,68.19999695,191,28, 10:39,1.63,12
2019-10-27 10:40:27.334710,25.39999962,67.09999847,189,26, 10:40,1.63,12
2019-10-27 10:41:27.114700,26,65.30000305,183,31, 10:41,1.52,12
2019-10-27 10:42:26.904586,26.5,62.09999847,183,27, 10:42,1.56,12
2019-10-27 10:43:26.684758,26.79999924,60.70000076,193,33, 10:43,1.6,12
2019-10-27 10:44:26.474630,26.60000038,60.70000076,186,31, 10:44,1.55,12
2019-10-27 10:45:26.254686,26.20000076,61.29999924,185,28, 10:45,1.57,12
2019-10-27 10:46:26.044657,25.79999924,61.90000153,179,31, 10:46,1.48,12
2019-10-27 10:47:25.824658,25.39999962,63,188,36, 10:47,1.52,12
2019-10-27 10:48:25.614677,25.20000076,63.70000076,193,29, 10:48,1.64,12
2019-10-27 10:49:25.404710,25,64.40000153,173,30, 10:49,1.43,12
2019-10-27 10:50:25.184717,24.89999962,65.30000305,173,26, 10:50,1.47,12
2019-10-27 10:51:24.974726,24.79999924,65.40000153,195,27, 10:51,1.68,12
2019-10-27 10:52:24.754760,25.10000038,65.09999847,193,31, 10:52,1.62,12
2019-10-27 10:53:24.544618,25.39999962,63.90000153,198,35, 10:53,1.63,12
2019-10-27 10:54:24.324629,25.39999962,62.79999924,184,24, 10:54,1.6,12
2019-10-27 10:55:24.114643,25.60000038,62.79999924,199,30, 10:55,1.69,12
2019-10-27 10:56:23.904657,26.10000038,61.79999924,165,33, 10:56,1.32,12
2019-10-27 10:57:23.684645,26.60000038,60.40000153,180,30, 10:57,1.5,12
2019-10-27 10:58:23.474668,27.10000038,59,194,36, 10:58,1.58,12
2019-10-27 10:59:23.264668,27.60000038,57.59999847,180,30, 10:59,1.5,12
2019-10-27 11:00:23.054671,27.70000076,57.09999847,181,30, 11:00,1.51,12
2019-10-27 11:01:22.844728,27.5,57.5,164,25, 11:01,1.39,12
2019-10-27 11:02:22.634737,27.29999924,57.79999924,187,28, 11:02,1.59,12
2019-10-27 11:03:22.424732,26.89999962,57.70000076,182,28, 11:03,1.54,12
2019-10-27 11:04:22.214725,26.70000076,58.20000076,175,27, 11:04,1.48,12
2019-10-27 11:05:21.994739,26.79999924,58.09999847,183,32, 11:05,1.51,12
2019-10-27 11:06:21.794636,27,57.59999847,178,31, 11:06,1.47,12
2019-10-27 11:08:21.374764,27.5,57.09999847,164,27, 11:08,1.37,12
2019-10-27 11:10:20.964670,28,56,172,28, 11:10,1.44,12
2019-10-27 11:12:20.544658,28.79999924,54.29999924,148,26, 11:12,1.22,12
2019-10-27 11:14:20.144676,28.5,54,168,26, 11:14,1.42,12
2019-10-27 11:16:19.724659,28.20000076,54,169,29, 11:16,1.4,12
2019-10-27 11:17:19.524678,28,53.70000076,170,23, 11:17,1.47,12
2019-10-27 11:18:19.314753,28.10000038,53.70000076,175,32, 11:18,1.43,12
2019-10-27 11:19:19.114634,28.20000076,53.20000076,160,28, 11:19,1.32,12
2019-10-27 11:20:18.904683,28.20000076,53.20000076,156,25, 11:20,1.31,12
2019-10-27 11:21:18.704729,28.29999924,53.29999924,186,26, 11:21,1.6,12
2019-10-27 11:22:18.494629,28.39999962,52.90000153,183,30, 11:22,1.53,12
2019-10-27 11:23:18.294640,28.39999962,52.20000076,177,24, 11:23,1.53,12
2019-10-27 11:24:18.084686,28.60000038,52.20000076,170,26, 11:24,1.44,12
2019-10-27 11:25:17.874721,,,152,25, 11:25,1.27,12
2019-10-27 11:26:17.674632,29,51.70000076,160,26, 11:26,1.34,12
2019-10-27 11:27:17.464658,29.29999924,51,171,30, 11:27,1.41,12
2019-10-27 11:28:17.264700,29.5,50.40000153,159,26, 11:28,1.33,12
2019-10-27 11:29:17.064621,29.70000076,50.09999847,165,26, 11:29,1.39,12
2019-10-27 11:30:16.864649,30,49.79999924,161,26, 11:30,1.35,12
2019-10-27 11:31:16.654709,30,48.70000076,162,28, 11:31,1.34,12
2019-10-27 11:32:16.454619,30,48.5,155,24, 11:32,1.31,12
2019-10-27 11:33:16.244716,29.89999962,48.40000153,162,22, 11:33,1.4,12
2019-10-27 11:34:16.034639,29.79999924,49,173,26, 11:34,1.47,12
2019-10-27 11:35:15.834683,29.60000038,49.09999847,152,27, 11:35,1.25,12
2019-10-27 11:36:15.624649,,,151,24, 11:36,1.27,12
2019-10-27 11:37:15.424675,29.79999924,49,163,29, 11:37,1.34,12
2019-10-27 11:38:15.224645,30,48.09999847,159,24, 11:38,1.35,12
2019-10-27 11:39:15.024686,29.89999962,47.40000153,159,25, 11:39,1.34,12
2019-10-27 11:40:14.814624,29.89999962,47.40000153,139,23, 11:40,1.16,12
2019-10-27 11:41:14.614725,29.89999962,47.40000153,147,23, 11:41,1.24,12
2019-10-27 11:42:14.414779,29.79999924,47.70000076,157,25, 11:42,1.32,12
2019-10-27 11:43:14.204684,29.79999924,47.79999924,164,28, 11:43,1.36,12
2019-10-27 11:44:14.004618,29.79999924,47.20000076,163,24, 11:44,1.39,12
2019-10-27 11:45:13.804691,29.70000076,47.29999924,156,23, 11:45,1.33,12
2019-10-27 11:46:13.604787,29.60000038,47.59999847,160,25, 11:46,1.35,12
2019-10-27 11:47:13.404673,29.5,47.90000153,142,17, 11:47,1.25,12
2019-10-27 11:48:13.204713,29.29999924,48.70000076,147,22, 11:48,1.25,12
2019-10-27 11:49:13.004664,29.60000038,49.5,151,22, 11:49,1.29,12
2019-10-27 11:50:12.804703,29.79999924,49,147,22, 11:50,1.25,12
2019-10-27 11:51:12.604643,29.89999962,48.5,159,26, 11:51,1.33,12
2019-10-27 11:52:12.414685,30.10000038,48.20000076,152,22, 11:52,1.3,12
2019-10-27 11:53:12.214607,30.29999924,47.5,149,21, 11:53,1.28,12
2019-10-27 11:54:12.024725,30.29999924,46.90000153,156,21, 11:54,1.35,12
2019-10-27 11:55:11.824780,30.39999962,47.09999847,163,28, 11:55,1.35,12
2019-10-27 11:56:11.624650,30.39999962,46.5,157,25, 11:56,1.32,12
2019-10-27 11:57:11.424732,,,165,23, 11:57,1.42,12
2019-10-27 11:58:11.224642,30,46.40000153,156,24, 11:58,1.32,12
2019-10-27 11:59:11.024660,29.70000076,47.09999847,159,25, 11:59,1.34,12
2019-10-27 12:00:10.824623,29.79999924,47.79999924,158,23, 12:00,1.35,12
2019-10-27 12:01:10.624654,29.89999962,47.5,166,25, 12:01,1.41,12
2019-10-27 12:02:10.424692,30.20000076,47.29999924,144,21, 12:02,1.23,12
2019-10-27 12:03:10.234635,30.29999924,47.29999924,149,26, 12:03,1.23,12
2019-10-27 12:04:10.034666,30.29999924,46.70000076,167,26, 12:04,1.41,12
2019-10-27 12:05:09.844732,30.5,46.5,160,26, 12:05,1.34,12
2019-10-27 12:06:09.654673,30.5,46.5,158,23, 12:06,1.35,12
2019-10-27 12:07:09.454702,30.60000038,46.5,145,28, 12:07,1.17,12
2019-10-27 12:08:09.254676,30.60000038,46.29999924,166,28, 12:08,1.38,12
2019-10-27 12:09:09.064662,30.60000038,46,145,20, 12:09,1.25,12
2019-10-27 12:10:08.864689,30.39999962,45.79999924,153,22, 12:10,1.31,12
2019-10-27 12:11:08.664688,30.39999962,45.90000153,163,30, 12:11,1.33,12
2019-10-27 12:12:08.464711,30.39999962,45.59999847,143,24, 12:12,1.19,12
2019-10-27 12:13:08.274792,30.29999924,45.70000076,151,20, 12:13,1.31,12
2019-10-27 12:14:08.074766,30,45.5,147,25, 12:14,1.22,12
2019-10-27 12:15:07.874755,29.89999962,46.20000076,165,31, 12:15,1.34,12
2019-10-27 12:16:07.674784,29.70000076,46.59999847,150,23, 12:16,1.27,12
2019-10-27 12:17:07.474713,29.5,46.79999924,155,21, 12:17,1.34,12
2019-10-27 12:18:07.274698,29.5,46.90000153,144,22, 12:18,1.22,12
2019-10-27 12:19:07.084740,29.39999962,47.09999847,167,22, 12:19,1.45,12
2019-10-27 12:20:06.884720,29.39999962,47.40000153,159,24, 12:20,1.35,12
2019-10-27 12:21:06.684756,29.39999962,47.29999924,161,30, 12:21,1.31,12
2019-10-27 12:22:06.484761,29.39999962,47.5,176,22, 12:22,1.54,12
2019-10-27 12:23:06.284748,29.5,47.09999847,157,16, 12:23,1.41,12
2019-10-27 12:24:06.084742,29.5,47.09999847,148,27, 12:24,1.21,12
2019-10-27 12:25:05.884677,29.39999962,47.09999847,151,24, 12:25,1.27,12
2019-10-27 12:26:05.674687,29.39999962,46.70000076,164,23, 12:26,1.41,12
2019-10-27 12:27:05.474668,29.39999962,46.90000153,156,22, 12:27,1.34,12
2019-10-27 12:28:05.274665,29.39999962,47.59999847,162,22, 12:28,1.4,12
2019-10-27 12:29:05.064697,29.5,47.09999847,151,22, 12:29,1.29,12
2019-10-27 12:30:04.864645,29.70000076,47.29999924,161,20, 12:30,1.41,12
2019-10-27 12:31:04.664653,29.89999962,46.70000076,168,24, 12:31,1.44,12
2019-10-27 12:32:04.454603,29.89999962,46,164,24, 12:32,1.4,12
2019-10-27 12:33:04.254610,30,45.59999847,147,22, 12:33,1.25,12
2019-10-27 12:34:04.054723,30,45.79999924,160,23, 12:34,1.37,12
2019-10-27 12:35:03.854767,30.10000038,45.59999847,153,18, 12:35,1.35,12
2019-10-27 12:36:03.644721,30.10000038,45.70000076,174,23, 12:36,1.51,12
2019-10-27 12:37:03.444697,30,45.90000153,168,20, 12:37,1.48,12
2019-10-27 12:38:03.244689,30.10000038,46.20000076,181,21, 12:38,1.6,12
2019-10-27 12:39:03.034672,30.10000038,45.40000153,162,21, 12:39,1.41,12
2019-10-27 12:40:39.983034,30.29999924,45.09999847,166,24, 12:40,1.42,12
2019-10-27 12:42:02.437033,30.29999924,44.90000153,150,15, 12:42,1.35,12
2019-10-27 12:43:02.237062,30.29999924,45.09999847,157,25, 12:43,1.32,12
2019-10-27 12:44:02.036976,30.29999924,45.20000076,142,15, 12:44,1.27,12
2019-10-27 12:45:01.837063,30.39999962,45.29999924,162,18, 12:45,1.44,12
2019-10-27 12:46:01.637038,30.60000038,45.40000153,141,18, 12:46,1.23,12
2019-10-27 12:47:01.436981,30.70000076,45,149,20, 12:47,1.29,12
2019-10-27 12:48:01.236967,30.89999962,44.5,150,25, 12:48,1.25,12
2019-10-27 12:49:01.036942,30.89999962,44.20000076,142,21, 12:49,1.21,12
2019-10-27 12:50:00.837062,31,44.29999924,150,25, 12:50,1.25,12
2019-10-27 12:51:00.637076,31.10000038,43.40000153,138,12, 12:51,1.26,12
2019-10-27 12:52:00.437125,31.10000038,43.40000153,148,24, 12:52,1.24,12
2019-10-27 12:53:00.237121,31.29999924,43.5,152,20, 12:53,1.32,12
2019-10-27 12:54:00.037092,31.20000076,43.29999924,148,16, 12:54,1.32,12
2019-10-27 12:54:59.837110,31.20000076,43.29999924,148,19, 12:54,1.29,12
2019-10-27 12:55:59.636971,,,148,19, 12:55,1.29,12
2019-10-27 12:56:59.446987,31,43,150,24, 12:56,1.26,12
2019-10-27 12:57:59.246995,,,148,22, 12:57,1.26,12
2019-10-27 12:58:59.047101,30.79999924,43.20000076,149,18, 12:58,1.31,12
2019-10-27 12:59:58.847013,30.70000076,43.79999924,158,22, 12:59,1.36,12
2019-10-27 13:00:58.647081,30.60000038,43.79999924,156,22, 13:00,1.34,12
2019-10-27 13:01:58.447054,30.70000076,44.29999924,147,18, 13:01,1.29,12
2019-10-27 13:02:58.247037,30.89999962,43.90000153,140,14, 13:02,1.26,12
2019-10-27 13:03:58.047132,31.10000038,43.70000076,144,22, 13:03,1.22,12
2019-10-27 13:04:57.847005,31.20000076,43.29999924,137,17, 13:04,1.2,12
2019-10-27 13:05:57.647045,,,143,21, 13:05,1.22,12
2019-10-27 13:06:57.447078,31.20000076,43.29999924,148,20, 13:06,1.28,12
2019-10-27 13:07:57.247116,31.10000038,43.29999924,136,18, 13:07,1.18,12
2019-10-27 13:08:57.047042,31,42.5,140,17, 13:08,1.23,12
2019-10-27 13:09:56.857071,31,42.79999924,140,15, 13:09,1.25,12
2019-10-27 13:10:56.657025,31.10000038,42.79999924,135,16, 13:10,1.19,12
2019-10-27 13:11:56.457117,31.20000076,42.79999924,155,17, 13:11,1.38,12
2019-10-27 13:12:56.257046,31.20000076,42.5,152,23, 13:12,1.29,12
2019-10-27 13:13:56.067075,,,136,21, 13:13,1.15,12
2019-10-27 13:14:55.866961,,,137,18, 13:14,1.19,12
2019-10-27 13:15:55.667075,31.10000038,42.29999924,153,19, 13:15,1.34,12
2019-10-27 13:16:55.477105,31.20000076,42.29999924,139,16, 13:16,1.23,12
2019-10-27 13:17:55.277070,,,129,17, 13:17,1.12,12
2019-10-27 13:18:55.087095,31.39999962,42.5,156,22, 13:18,1.34,12
2019-10-27 13:19:54.897081,31.29999924,42.5,135,15, 13:19,1.2,12
2019-10-27 13:20:54.697025,31.39999962,42.09999847,143,23, 13:20,1.2,12
2019-10-27 13:21:54.497035,31.60000038,41.90000153,144,21, 13:21,1.23,12
2019-10-27 13:22:54.307020,31.79999924,41.90000153,177,20, 13:22,1.57,12
2019-10-27 13:23:54.117016,31.70000076,42.09999847,158,20, 13:23,1.38,12
2019-10-27 13:24:53.917047,31.70000076,41.40000153,159,14, 13:24,1.45,12
2019-10-27 13:25:53.727001,31.5,41.40000153,159,21, 13:25,1.38,12
2019-10-27 13:26:53.537117,31.39999962,41.40000153,162,15, 13:26,1.47,12
2019-10-27 13:27:53.346980,,,172,18, 13:27,1.54,12
2019-10-27 13:28:53.147089,31.39999962,41,156,17, 13:28,1.39,12
2019-10-27 13:29:52.957090,,,164,21, 13:29,1.43,12
2019-10-27 13:30:52.757046,31.10000038,42,170,19, 13:30,1.51,12
2019-10-27 13:31:52.567009,30.89999962,42.29999924,154,18, 13:31,1.36,12
2019-10-27 13:32:52.377005,30.70000076,43,160,19, 13:32,1.41,12
2019-10-27 13:33:52.177096,30.70000076,43,157,16, 13:33,1.41,12
2019-10-27 13:34:51.987112,30.70000076,43.5,132,12, 13:34,1.2,12
2019-10-27 13:35:51.797081,30.70000076,43,159,21, 13:35,1.38,12
2019-10-27 13:36:51.597076,30.70000076,42.90000153,155,18, 13:36,1.37,12
2019-10-27 13:37:51.407068,30.79999924,43.09999847,162,18, 13:37,1.44,12
2019-10-27 13:38:51.217069,30.89999962,43.09999847,150,16, 13:38,1.34,12
2019-10-27 13:39:51.027052,31.10000038,42.29999924,142,17, 13:39,1.25,12
2019-10-27 13:40:50.827041,31,43.09999847,156,23, 13:40,1.33,12
2019-10-27 13:41:50.637026,31.10000038,42.70000076,145,18, 13:41,1.27,12
2019-10-27 13:42:50.447029,31.20000076,42.5,136,14, 13:42,1.22,12
2019-10-27 13:43:50.257032,31.10000038,42.70000076,135,19, 13:43,1.16,12
2019-10-27 13:44:50.057079,31.20000076,42.70000076,136,19, 13:44,1.17,12
2019-10-27 13:45:49.867073,31.20000076,41.70000076,143,19, 13:45,1.24,12
2019-10-27 13:46:49.677049,31,42.09999847,152,17, 13:46,1.35,12
2019-10-27 13:47:49.477041,30.89999962,42.40000153,159,21, 13:47,1.38,12
2019-10-27 13:48:49.287040,30.89999962,42.90000153,140,22, 13:48,1.18,12
2019-10-27 13:49:49.087014,31,43,145,19, 13:49,1.26,12
2019-10-27 13:50:48.897094,31,42.59999847,136,19, 13:50,1.17,12
2019-10-27 13:51:48.697046,31.10000038,42.79999924,129,14, 13:51,1.15,12
2019-10-27 13:52:48.497059,31.10000038,42,140,19, 13:52,1.21,12
2019-10-27 13:53:48.307071,31.29999924,41.09999847,131,14, 13:53,1.17,12
2019-10-27 13:54:48.107065,31.20000076,41.70000076,142,21, 13:54,1.21,12
2019-10-27 13:55:47.917047,31.10000038,41.70000076,151,19, 13:55,1.32,12
2019-10-27 13:56:47.717049,31,41.70000076,143,17, 13:56,1.26,12
2019-10-27 13:57:47.527042,30.89999962,41.90000153,148,12, 13:57,1.36,12
2019-10-27 13:58:47.327052,,,140,19, 13:58,1.21,12
2019-10-27 13:59:47.127046,30.79999924,42.40000153,145,17, 13:59,1.28,12
2019-10-27 14:00:46.937035,30.70000076,42.20000076,143,13, 14:00,1.3,12
2019-10-27 14:01:46.737016,30.60000038,42.90000153,145,17, 14:01,1.28,12
2019-10-27 14:02:46.537096,,,143,17, 14:02,1.26,12
2019-10-27 14:03:46.337094,30.70000076,42.70000076,135,15, 14:03,1.2,12
2019-10-27 14:04:46.137089,,,146,15, 14:04,1.31,12
2019-10-27 14:05:45.937106,30.70000076,42.59999847,134,14, 14:05,1.2,12
2019-10-27 14:06:45.737093,30.70000076,42.79999924,146,19, 14:06,1.27,12
2019-10-27 14:07:45.537069,30.79999924,43,148,17, 14:07,1.31,12
2019-10-27 14:08:45.337043,30.89999962,42.59999847,136,15, 14:08,1.21,12
2019-10-27 14:09:45.137023,,,144,15, 14:09,1.29,12
2019-10-27 14:10:44.937133,31.10000038,42.29999924,141,17, 14:10,1.24,12
2019-10-27 14:11:44.747072,31,41.59999847,148,21, 14:11,1.27,12
2019-10-27 14:12:44.547036,30.89999962,41.90000153,137,11, 14:12,1.26,12
2019-10-27 14:13:44.347042,30.79999924,42.29999924,144,22, 14:13,1.22,12
2019-10-27 14:14:44.147022,30.70000076,42.40000153,135,11, 14:14,1.24,12
2019-10-27 14:15:43.946985,30.70000076,42.20000076,144,18, 14:15,1.26,12
2019-10-27 14:16:43.747119,30.60000038,42.70000076,135,12, 14:16,1.23,12
2019-10-27 14:17:43.547080,30.60000038,42.40000153,128,14, 14:17,1.14,12
2019-10-27 14:18:43.357063,30.5,42.29999924,128,15, 14:18,1.13,12
2019-10-27 14:19:43.157035,30.5,42.70000076,137,12, 14:19,1.25,12
2019-10-27 14:20:42.957006,30.5,42.79999924,133,13, 14:20,1.2,12
2019-10-27 14:21:42.767109,30.60000038,42.70000076,149,15, 14:21,1.34,12
2019-10-27 14:22:42.567084,30.70000076,42.70000076,145,15, 14:22,1.3,12
2019-10-27 14:23:42.377045,30.70000076,42.5,143,15, 14:23,1.28,12
2019-10-27 14:24:42.177019,,,150,18, 14:24,1.32,12
2019-10-27 14:25:41.987076,30.60000038,42.90000153,147,19, 14:25,1.28,12
2019-10-27 14:26:41.787053,30.5,43.20000076,147,14, 14:26,1.33,12
2019-10-27 14:27:41.587066,30.39999962,42.90000153,149,14, 14:27,1.35,12
2019-10-27 14:28:41.387071,30.39999962,42.90000153,130,15, 14:28,1.15,12
2019-10-27 14:29:41.187066,30.39999962,42.79999924,136,15, 14:29,1.21,12
2019-10-27 14:30:40.997060,30.5,42.90000153,142,12, 14:30,1.3,12
2019-10-27 14:31:40.797039,30.5,42.90000153,152,18, 14:31,1.34,12
2019-10-27 14:32:40.597044,30.5,42.90000153,141,16, 14:32,1.25,12
2019-10-27 14:33:40.407072,30.60000038,42.90000153,142,11, 14:33,1.31,12
2019-10-27 14:34:40.207064,30.5,42.90000153,149,20, 14:34,1.29,12
2019-10-27 14:35:40.017036,30.29999924,42.79999924,149,18, 14:35,1.31,12
2019-10-27 14:36:39.817177,30.29999924,43.29999924,156,16, 14:36,1.4,12
2019-10-27 14:37:39.617003,30.20000076,43.09999847,152,17, 14:37,1.35,12
2019-10-27 14:38:39.427149,30.29999924,43.5,147,15, 14:38,1.32,12
2019-10-27 14:39:39.227080,30.20000076,43.5,143,18, 14:39,1.25,12
2019-10-27 14:40:39.037080,30.29999924,43.5,139,17, 14:40,1.22,12
2019-10-27 14:41:38.837045,30.20000076,43.90000153,137,15, 14:41,1.22,12
2019-10-27 14:42:38.646988,30.29999924,44,147,18, 14:42,1.29,12
2019-10-27 14:43:38.447039,30.39999962,43.5,155,17, 14:43,1.38,12
2019-10-27 14:44:38.247065,30.39999962,43.29999924,145,21, 14:44,1.24,12
2019-10-27 14:45:38.037010,30.29999924,42.79999924,151,16, 14:45,1.35,12
2019-10-27 14:46:37.836991,30.29999924,43.20000076,145,15, 14:46,1.3,12
2019-10-27 14:47:37.637101,30.20000076,43.40000153,151,14, 14:47,1.37,12
2019-10-27 14:48:37.437101,30,43.5,153,18, 14:48,1.35,12
2019-10-27 14:49:37.237048,29.89999962,43.70000076,149,14, 14:49,1.35,12
2019-10-27 14:50:37.037061,29.89999962,44,154,18, 14:50,1.36,12
2019-10-27 14:51:36.836949,29.89999962,43.79999924,159,16, 14:51,1.43,12
2019-10-27 14:52:36.636965,29.89999962,44,142,16, 14:52,1.26,12
2019-10-27 14:53:36.437096,29.89999962,44.09999847,158,17, 14:53,1.41,12
2019-10-27 14:54:36.236983,29.89999962,43.79999924,164,17, 14:54,1.47,12
2019-10-27 14:55:36.046999,29.70000076,44.09999847,159,18, 14:55,1.41,12
2019-10-27 14:56:35.846989,29.5,44,166,15, 14:56,1.51,12
2019-10-27 14:57:35.647017,29.20000076,44.29999924,167,18, 14:57,1.49,12
2019-10-27 14:58:35.446998,28.79999924,44.70000076,162,17, 14:58,1.45,12
2019-10-27 14:59:35.237028,28.60000038,45.5,162,13, 14:59,1.49,12
2019-10-27 15:00:35.037077,28.39999962,46.20000076,178,16, 15:00,1.62,12
2019-10-27 15:01:34.837008,28.10000038,46.29999924,147,13, 15:01,1.34,12
2019-10-27 15:02:34.636998,27.79999924,47.5,164,14, 15:02,1.5,12
2019-10-27 15:03:34.437113,27.60000038,48.09999847,166,15, 15:03,1.51,12
2019-10-27 15:04:34.226974,27.39999962,48.40000153,162,17, 15:04,1.45,12
2019-10-27 15:05:34.027106,27.20000076,49.20000076,172,19, 15:05,1.53,12
2019-10-27 15:06:33.826969,27.10000038,49.59999847,173,15, 15:06,1.58,12
2019-10-27 15:07:33.617097,27,49.79999924,157,14, 15:07,1.43,12
2019-10-27 15:08:33.417084,26.89999962,50.29999924,173,14, 15:08,1.59,12
2019-10-27 15:09:33.216971,26.79999924,50.20000076,179,12, 15:09,1.67,12
2019-10-27 15:10:33.007083,26.79999924,50.79999924,180,15, 15:10,1.65,12
2019-10-27 15:11:32.807079,26.70000076,50.20000076,151,12, 15:11,1.39,12
2019-10-27 15:12:32.607088,26.60000038,51.29999924,168,18, 15:12,1.5,12
2019-10-27 15:13:32.407066,26.60000038,51.20000076,170,16, 15:13,1.54,12
2019-10-27 15:14:32.197054,26.5,50.90000153,171,13, 15:14,1.58,12
2019-10-27 15:15:31.997045,26.39999962,50.70000076,178,15, 15:15,1.63,12
2019-10-27 15:16:31.787051,26.29999924,50.5,165,16, 15:16,1.49,12
2019-10-27 15:17:31.587047,26.20000076,50.70000076,161,16, 15:17,1.45,12
2019-10-27 15:18:31.377031,26.10000038,51,173,16, 15:18,1.57,12
2019-10-27 15:19:31.177017,26,51,165,14, 15:19,1.51,12
2019-10-27 15:20:30.977012,25.89999962,51.5,179,14, 15:20,1.65,12
2019-10-27 15:21:30.766999,25.89999962,51.90000153,178,15, 15:21,1.63,12
2019-10-27 15:22:30.567057,25.89999962,52.09999847,190,15, 15:22,1.75,12
2019-10-27 15:23:30.357017,25.79999924,52.40000153,178,14, 15:23,1.64,12
2019-10-27 15:24:30.156960,25.70000076,51.70000076,194,15, 15:24,1.79,12
2019-10-27 15:25:29.957070,25.70000076,52,177,13, 15:25,1.64,12
2019-10-27 15:26:29.747057,25.70000076,52.09999847,177,16, 15:26,1.61,12
2019-10-27 15:27:29.547075,25.60000038,51.79999924,186,14, 15:27,1.72,12
2019-10-27 15:28:29.337050,25.5,52,173,15, 15:28,1.58,12
2019-10-27 15:29:29.137021,25.39999962,52.5,184,17, 15:29,1.67,12
2019-10-27 15:30:28.927082,25.39999962,52.5,196,17, 15:30,1.79,12
2019-10-27 15:31:28.716995,25.29999924,52.90000153,177,14, 15:31,1.63,12
2019-10-27 15:32:28.507006,25.20000076,53.40000153,184,15, 15:32,1.69,12
2019-10-27 15:33:28.296966,25.29999924,54,192,16, 15:33,1.76,12
2019-10-27 15:34:28.097095,25.29999924,53.5,181,16, 15:34,1.65,12
2019-10-27 15:35:27.887058,25.39999962,53.5,174,16, 15:35,1.58,12
2019-10-27 15:36:27.677064,25.39999962,54.09999847,179,17, 15:36,1.62,12
2019-10-27 15:37:27.467041,25.39999962,54.09999847,184,18, 15:37,1.66,12
2019-10-27 15:38:27.267016,25.5,53.90000153,172,15, 15:38,1.57,12
2019-10-27 15:39:27.056994,25.39999962,53.90000153,167,14, 15:39,1.53,12
2019-10-27 15:40:26.857029,25.39999962,53.5,189,17, 15:40,1.72,12
2019-10-27 15:41:26.657088,25.39999962,52.20000076,176,14, 15:41,1.62,12
2019-10-27 15:42:26.447029,25.29999924,52.20000076,186,13, 15:42,1.73,12
2019-10-27 15:43:26.246959,25.20000076,52.20000076,177,14, 15:43,1.63,12
2019-10-27 15:44:26.037024,25.20000076,51.90000153,179,10, 15:44,1.69,12
2019-10-27 15:45:25.837082,25,52.5,183,11, 15:45,1.72,12
2019-10-27 15:46:25.627041,25,52.79999924,191,16, 15:46,1.75,12
2019-10-27 15:47:25.416981,24.89999962,52.90000153,175,17, 15:47,1.58,12
2019-10-27 15:48:25.217035,,,172,16, 15:48,1.56,12
2019-10-27 15:49:25.007038,24.79999924,53.70000076,176,17, 15:49,1.59,12
2019-10-27 15:50:24.797073,24.89999962,54,177,11, 15:50,1.66,12
2019-10-27 15:51:24.587034,24.79999924,54.09999847,187,14, 15:51,1.73,12
2019-10-27 15:52:24.376966,24.89999962,54.59999847,178,15, 15:52,1.63,12
2019-10-27 15:53:24.167012,24.89999962,54.59999847,196,15, 15:53,1.81,12
2019-10-27 15:54:23.956961,24.89999962,54.59999847,173,12, 15:54,1.61,12
2019-10-27 15:55:23.747018,25,54.79999924,200,16, 15:55,1.84,12
2019-10-27 15:56:23.537092,25,54.29999924,192,12, 15:56,1.8,12
2019-10-27 15:57:23.327036,25,53.79999924,198,9, 15:57,1.89,12
2019-10-27 15:58:23.117071,25,53.79999924,192,16, 15:58,1.76,12
2019-10-27 15:59:22.897033,24.89999962,53.90000153,203,13, 15:59,1.9,12
2019-10-27 16:00:22.687113,24.89999962,53.79999924,211,16, 16:00,1.95,12
2019-10-27 16:01:22.477026,24.79999924,54,205,17, 16:01,1.88,12
2019-10-27 16:02:22.267129,24.79999924,54.40000153,199,17, 16:02,1.82,12
2019-10-27 16:03:22.057042,24.79999924,54.09999847,208,14, 16:03,1.94,12
2019-10-27 16:04:21.847010,24.79999924,54.59999847,198,13, 16:04,1.85,12
2019-10-27 16:05:21.627193,24.79999924,54.90000153,193,13, 16:05,1.8,12
2019-10-27 16:06:21.417017,24.79999924,54.79999924,187,17, 16:06,1.7,12
2019-10-27 16:07:21.207082,24.79999924,54.79999924,190,15, 16:07,1.75,12
2019-10-27 16:08:20.997015,24.79999924,54.59999847,204,11, 16:08,1.93,12
2019-10-27 16:09:20.786976,24.70000076,54.59999847,194,11, 16:09,1.83,12
2019-10-27 16:10:20.577076,24.70000076,54.79999924,199,12, 16:10,1.87,12
2019-10-27 16:11:20.366993,24.79999924,55.09999847,180,16, 16:11,1.64,12
2019-10-27 16:12:20.147072,24.79999924,54.90000153,194,17, 16:12,1.77,12
2019-10-27 16:13:19.937024,24.70000076,55.09999847,201,12, 16:13,1.89,12
2019-10-27 16:14:19.727087,24.70000076,54.70000076,186,18, 16:14,1.68,12
2019-10-27 16:15:19.517050,24.70000076,54.79999924,186,10, 16:15,1.76,12
2019-10-27 16:16:19.307004,24.60000038,54.59999847,202,15, 16:16,1.87,12
2019-10-27 16:17:19.097107,24.70000076,54.70000076,203,18, 16:17,1.85,12
2019-10-27 16:18:18.887045,24.60000038,54.70000076,191,17, 16:18,1.74,12
2019-10-27 16:19:18.677030,,,208,15, 16:19,1.93,12
2019-10-27 16:20:18.457093,24.60000038,54.5,194,14, 16:20,1.8,12
2019-10-27 16:21:18.247037,24.60000038,54.5,186,11, 16:21,1.75,12
2019-10-27 16:22:18.037053,24.60000038,54.59999847,192,17, 16:22,1.75,12
2019-10-27 16:23:17.827086,24.5,55,197,12, 16:23,1.85,12
2019-10-27 16:24:17.607028,24.39999962,55.09999847,192,16, 16:24,1.76,12
2019-10-27 16:25:17.397314,24.39999962,55.5,201,15, 16:25,1.86,12
2019-10-27 16:26:17.187062,24.39999962,55.40000153,184,17, 16:26,1.67,12
2019-10-27 16:27:16.967029,24.39999962,55.29999924,177,14, 16:27,1.63,12
2019-10-27 16:28:16.756955,24.39999962,55.90000153,178,13, 16:28,1.65,12
2019-10-27 16:29:16.547020,24.39999962,55.70000076,199,16, 16:29,1.83,12
2019-10-27 16:30:16.337062,24.39999962,55.70000076,192,18, 16:30,1.74,12
2019-10-27 16:31:16.116980,24.39999962,56,179,11, 16:31,1.68,12
2019-10-27 16:32:15.907049,24.29999924,56.09999847,171,14, 16:32,1.57,12
2019-10-27 16:33:15.697107,24.29999924,56.09999847,183,12, 16:33,1.71,12
2019-10-27 16:34:15.477035,24.39999962,56.70000076,180,18, 16:34,1.62,12
2019-10-27 16:35:15.267110,24.39999962,56.40000153,199,13, 16:35,1.86,12
2019-10-27 16:36:15.057044,24.5,56.20000076,179,13, 16:36,1.66,12
2019-10-27 16:37:14.837038,24.5,56,200,18, 16:37,1.82,12
2019-10-27 16:38:14.627116,24.5,56.29999924,190,14, 16:38,1.76,12
2019-10-27 16:40:14.197016,24.5,55.90000153,177,15, 16:40,1.62,12
2019-10-27 16:42:13.767091,24.5,56,189,18, 16:42,1.71,12
2019-10-27 16:44:13.337091,24.39999962,56,194,13, 16:44,1.81,12
2019-10-27 16:46:12.897037,,,202,21, 16:46,1.81,12
2019-10-27 16:48:12.467062,24.39999962,55.29999924,189,15, 16:48,1.74,12
2019-10-27 16:49:12.247096,24.39999962,55.59999847,198,23, 16:49,1.75,12
2019-10-27 16:50:12.037009,24.39999962,55.59999847,211,21, 16:50,1.9,12
2019-10-27 16:51:11.817085,24.39999962,56.09999847,198,11, 16:51,1.87,12
2019-10-27 16:52:11.606994,24.39999962,55.59999847,194,17, 16:52,1.77,12
2019-10-27 16:53:11.387069,24.39999962,55.59999847,195,15, 16:53,1.8,12
2019-10-27 16:54:11.176998,24.39999962,56.09999847,189,17, 16:54,1.72,12
2019-10-27 16:55:10.957074,24.39999962,55.70000076,190,15, 16:55,1.75,12
2019-10-27 16:56:10.747026,24.39999962,56.09999847,203,18, 16:56,1.85,12
2019-10-27 16:57:10.527085,24.29999924,56.20000076,220,18, 16:57,2.02,12
2019-10-27 16:58:10.317020,24.29999924,55.70000076,194,17, 16:58,1.77,12
2019-10-27 16:59:10.097095,24.29999924,56.09999847,195,17, 16:59,1.78,12
2019-10-27 17:00:09.887028,24.20000076,56.20000076,202,17, 17:00,1.85,12
2019-10-27 17:01:09.667090,24.20000076,56.5,208,19, 17:01,1.89,12
2019-10-27 17:02:09.457058,24.20000076,56.90000153,202,17, 17:02,1.85,12
2019-10-27 17:03:09.246983,24.10000038,56.79999924,193,18, 17:03,1.75,12
2019-10-27 17:04:09.037077,24.10000038,57.40000153,182,14, 17:04,1.68,12
2019-10-27 17:05:08.827019,24.10000038,57.29999924,209,15, 17:05,1.94,12
2019-10-27 17:06:08.617057,24.10000038,57.5,193,16, 17:06,1.77,12
2019-10-27 17:07:08.407035,24.10000038,57.70000076,191,17, 17:07,1.74,12
2019-10-27 17:08:08.187092,24.10000038,57.70000076,187,16, 17:08,1.71,12
2019-10-27 17:09:07.976985,24,57.59999847,194,14, 17:09,1.8,12
2019-10-27 17:10:07.767066,24.10000038,57.70000076,215,21, 17:10,1.94,12
2019-10-27 17:11:07.557056,24,57.90000153,212,19, 17:11,1.93,12
2019-10-27 17:12:07.337071,24,57.79999924,190,15, 17:12,1.75,12
2019-10-27 17:13:07.126996,,,210,19, 17:13,1.91,12
2019-10-27 17:14:06.917083,,,193,14, 17:14,1.79,12
2019-10-27 17:15:06.707012,,,192,22, 17:15,1.7,12
2019-10-27 17:16:06.487103,24.10000038,57.90000153,187,19, 17:16,1.68,12
2019-10-27 17:17:06.277031,24,57.79999924,207,19, 17:17,1.88,12
2019-10-27 17:18:06.056987,24,57.90000153,196,15, 17:18,1.81,12
2019-10-27 17:19:05.847070,24,57.70000076,203,21, 17:19,1.82,12
2019-10-27 17:20:05.637029,24,58.09999847,214,20, 17:20,1.94,12
2019-10-27 17:21:05.427102,24,58,206,23, 17:21,1.83,12
2019-10-27 17:22:05.207179,24.10000038,57.70000076,203,21, 17:22,1.82,12
2019-10-27 17:23:04.996977,24,57.79999924,211,22, 17:23,1.89,12
2019-10-27 17:24:04.787060,24,58,184,21, 17:24,1.63,12
2019-10-27 17:25:04.567072,24,58.40000153,197,18, 17:25,1.79,12
2019-10-27 17:26:04.356991,24,58.5,197,21, 17:26,1.76,12
2019-10-27 17:27:04.147042,24,58.40000153,203,20, 17:27,1.83,12
2019-10-27 17:28:03.927091,23.89999962,58.29999924,181,11, 17:28,1.7,12
2019-10-27 17:29:03.717069,23.89999962,58.59999847,196,19, 17:29,1.77,12
2019-10-27 17:30:03.497073,24,58.70000076,216,16, 17:30,2,12
2019-10-27 17:31:03.277009,24,58.5,199,16, 17:31,1.83,12
2019-10-27 17:32:03.057042,,,211,12, 17:32,1.99,12
2019-10-27 17:33:02.837078,24,58.79999924,212,16, 17:33,1.96,12
2019-10-27 17:34:02.616985,24,58.90000153,197,19, 17:34,1.78,12
2019-10-27 17:35:02.397014,24,58.59999847,205,15, 17:35,1.9,12
2019-10-27 17:36:02.187091,23.89999962,58.59999847,221,19, 17:36,2.02,12
2019-10-27 17:37:01.966997,23.89999962,58.70000076,213,20, 17:37,1.93,12
2019-10-27 17:38:01.747059,23.79999924,59,194,18, 17:38,1.76,12
2019-10-27 17:39:01.526958,23.79999924,58.90000153,201,21, 17:39,1.8,12
2019-10-27 17:40:01.307002,23.79999924,59.40000153,221,16, 17:40,2.05,12
2019-10-27 17:41:01.087058,23.70000076,58.59999847,205,18, 17:41,1.87,12
2019-10-27 17:42:00.877082,23.70000076,59,199,18, 17:42,1.81,12
2019-10-27 17:43:00.657013,23.70000076,58.70000076,218,15, 17:43,2.03,12
2019-10-27 17:44:00.437053,23.70000076,58.79999924,197,16, 17:44,1.81,12
2019-10-27 17:45:00.226989,23.60000038,58.90000153,207,15, 17:45,1.92,12
2019-10-27 17:46:00.007035,23.60000038,58.90000153,199,17, 17:46,1.82,12
2019-10-27 17:46:59.797069,23.5,59.40000153,211,17, 17:46,1.94,12
2019-10-27 17:47:59.576979,23.5,59.29999924,198,16, 17:47,1.82,12
2019-10-27 17:48:59.357049,23.39999962,59.20000076,190,16, 17:48,1.74,12
2019-10-27 17:49:59.136954,23.39999962,59.90000153,218,17, 17:49,2.01,12
2019-10-27 17:50:58.927020,23.39999962,59.90000153,215,19, 17:50,1.96,12
2019-10-27 17:51:58.707069,23.29999924,59.59999847,209,16, 17:51,1.93,12
2019-10-27 17:52:58.486992,23.29999924,60,218,24, 17:52,1.94,12
2019-10-27 17:53:58.267161,23.20000076,60.29999924,221,17, 17:53,2.04,12
2019-10-27 17:54:58.057070,23.20000076,60.40000153,219,19, 17:54,2,12
2019-10-27 17:55:57.837120,23.20000076,60.40000153,231,21, 17:55,2.1,12
2019-10-27 17:56:57.627050,23.20000076,60.70000076,218,15, 17:56,2.03,12
2019-10-27 17:57:57.406992,23.20000076,61,219,16, 17:57,2.03,12
2019-10-27 17:58:57.197031,23.20000076,61.09999847,229,17, 17:58,2.12,12
2019-10-27 17:59:56.977084,23.20000076,61.5,220,19, 17:59,2.01,12
2019-10-27 18:00:56.757019,23.20000076,61.29999924,231,17, 18:00,2.14,12
2019-10-27 18:01:56.547063,23.10000038,61.20000076,220,18, 18:01,2.02,12
2019-10-27 18:02:56.326996,23.10000038,61,237,21, 18:02,2.16,12
2019-10-27 18:03:56.107043,23.10000038,61.29999924,233,20, 18:03,2.13,12
2019-10-27 18:04:55.897080,23,61.09999847,212,10, 18:04,2.02,12
2019-10-27 18:05:55.677131,,,233,16, 18:05,2.17,12
2019-10-27 18:06:55.457073,23,61.59999847,235,24, 18:06,2.11,12
2019-10-27 18:07:55.246984,23,61.59999847,232,14, 18:07,2.18,12
2019-10-27 18:08:55.027059,23,62,242,18, 18:08,2.24,12
2019-10-27 18:09:54.807090,23,62,243,16, 18:09,2.27,12
2019-10-27 18:10:54.587038,22.89999962,62,233,20, 18:10,2.13,12
2019-10-27 18:11:54.367027,22.89999962,62.20000076,232,21, 18:11,2.11,12
2019-10-27 18:12:54.147002,22.89999962,62.29999924,224,16, 18:12,2.08,12
2019-10-27 18:13:53.937096,22.79999924,62.79999924,230,19, 18:13,2.11,12
2019-10-27 18:14:53.717076,22.89999962,62.5,239,19, 18:14,2.2,12
2019-10-27 18:15:53.497102,22.79999924,62.5,236,18, 18:15,2.18,12
2019-10-27 18:16:53.277135,,,246,21, 18:16,2.25,12
2019-10-27 18:17:53.057033,22.70000076,62.59999847,212,14, 18:17,1.98,12
2019-10-27 18:18:52.847051,22.60000038,62.59999847,232,17, 18:18,2.15,12
2019-10-27 18:19:52.627083,22.70000076,63.20000076,252,17, 18:19,2.35,12
2019-10-27 18:20:52.407016,22.70000076,63.20000076,235,19, 18:20,2.16,12
2019-10-27 18:21:52.187020,22.60000038,63.29999924,243,16, 18:21,2.27,12
2019-10-27 18:22:51.967054,22.60000038,63.59999847,236,17, 18:22,2.19,12
2019-10-27 18:23:51.747045,22.5,63.40000153,237,18, 18:23,2.19,12
2019-10-27 18:24:51.537053,22.5,63.5,241,17, 18:24,2.24,12
2019-10-27 18:25:51.317059,22.39999962,63.90000153,247,18, 18:25,2.29,12
2019-10-27 18:26:51.097036,22.39999962,64.09999847,224,20, 18:26,2.04,12
2019-10-27 18:27:50.877036,22.39999962,64.19999695,243,18, 18:27,2.25,12
2019-10-27 18:28:50.657045,22.29999924,64.5,231,21, 18:28,2.1,12
2019-10-27 18:29:50.447082,22.29999924,64.40000153,233,23, 18:29,2.1,12
2019-10-27 18:30:50.227062,22.29999924,64.5,256,22, 18:30,2.34,12
2019-10-27 18:31:50.007062,,,236,22, 18:31,2.14,12
2019-10-27 18:32:49.787091,22.20000076,64.80000305,251,19, 18:32,2.32,12
2019-10-27 18:33:49.566953,22.20000076,65.09999847,242,19, 18:33,2.23,12
2019-10-27 18:34:49.337111,22.20000076,65.30000305,240,18, 18:34,2.22,12
2019-10-27 18:35:49.116996,22.20000076,65.5,264,23, 18:35,2.41,12
2019-10-27 18:36:48.897109,22.10000038,65.19999695,253,19, 18:36,2.34,12
2019-10-27 18:37:48.667022,22.10000038,65.30000305,247,18, 18:37,2.29,12
2019-10-27 18:38:48.447033,22,65.5,267,16, 18:38,2.51,12
2019-10-27 18:39:48.216982,,,259,15, 18:39,2.44,12
2019-10-27 18:40:47.997092,21.89999962,65.80000305,302,19, 18:40,2.83,12
2019-10-27 18:41:47.777031,21.89999962,65.90000153,316,16, 18:41,3,12
2019-10-27 18:42:47.547125,21.79999924,66,332,12, 18:42,3.2,12
2019-10-27 18:43:47.327093,21.79999924,66.19999695,360,25, 18:43,3.35,12
2019-10-27 18:44:47.097093,,,329,17, 18:44,3.12,12
2019-10-27 18:45:46.877052,21.60000038,66.80000305,339,20, 18:45,3.19,12
2019-10-27 18:46:46.647055,21.60000038,66.90000153,366,21, 18:46,3.45,12
2019-10-27 18:47:46.427143,21.5,67,350,21, 18:47,3.29,12
2019-10-27 18:48:46.196980,21.5,67.5,331,18, 18:48,3.13,12
2019-10-27 18:49:45.977116,21.39999962,67.5,339,17, 18:49,3.22,12
2019-10-27 18:50:45.746993,21.39999962,67.80000305,325,22, 18:50,3.03,12
2019-10-27 18:51:45.517140,21.29999924,67.80000305,328,20, 18:51,3.08,12
2019-10-27 18:52:45.297025,21.29999924,68.30000305,350,20, 18:52,3.3,12
2019-10-27 18:53:45.067035,21.20000076,68.30000305,331,19, 18:53,3.12,12
2019-10-27 18:54:44.847034,21.10000038,68.40000153,351,24, 18:54,3.27,12
2019-10-27 18:55:44.616994,21.10000038,68.5,337,23, 18:55,3.14,12
2019-10-27 18:56:44.387027,21,68.80000305,360,21, 18:56,3.39,12
2019-10-27 18:57:44.167037,21,69.09999847,347,19, 18:57,3.28,12
2019-10-27 18:58:43.937078,21,69.59999847,369,23, 18:58,3.46,12
2019-10-27 18:59:43.707108,20.89999962,69.59999847,401,22, 18:59,3.79,12
2019-10-27 19:00:43.486967,20.89999962,69.69999695,392,23, 19:00,3.69,12
2019-10-27 19:01:43.257003,20.79999924,69.90000153,457,17, 19:01,4.4,12
2019-10-27 19:02:43.027030,20.79999924,70.19999695,459,21, 19:02,4.38,12
2019-10-27 19:03:42.807081,20.70000076,70.30000305,470,19, 19:03,4.51,12
2019-10-27 19:04:42.577118,20.70000076,70.69999695,496,21, 19:04,4.75,12
2019-10-27 19:05:42.347018,20.70000076,70.80000305,524,24, 19:05,5,12
2019-10-27 19:06:42.117041,20.60000038,70.90000153,535,22, 19:06,5.13,12
2019-10-27 19:07:41.887074,20.60000038,71.30000305,519,23, 19:07,4.96,12
2019-10-27 19:08:41.667211,20.60000038,71.5,528,20, 19:08,5.08,12
2019-10-27 19:09:41.436986,20.60000038,71.59999847,521,23, 19:09,4.98,12
2019-10-27 19:10:41.207027,20.5,71.80000305,554,21, 19:10,5.33,12
2019-10-27 19:11:40.977071,20.5,72,564,19, 19:11,5.45,12
2019-10-27 19:12:40.756954,20.5,72.19999695,550,22, 19:12,5.28,12
2019-10-27 19:13:40.526986,20.5,72.30000305,533,23, 19:13,5.1,12
2019-10-27 19:14:40.296991,20.5,72.40000153,563,15, 19:14,5.48,12
2019-10-27 19:15:40.066955,20.39999962,72.5,537,18, 19:15,5.19,12
2019-10-27 19:16:39.837048,20.39999962,72.80000305,547,19, 19:16,5.28,12
2019-10-27 19:17:39.607030,20.39999962,73,538,19, 19:17,5.19,12
2019-10-27 19:18:39.377026,20.39999962,73.09999847,554,22, 19:18,5.32,12
2019-10-27 19:19:39.147128,20.39999962,73.5,498,22, 19:19,4.76,12
2019-10-27 19:20:38.917138,20.39999962,73.80000305,512,25, 19:20,4.87,12
2019-10-27 19:21:38.687105,20.39999962,73.59999847,533,23, 19:21,5.1,12
2019-10-27 19:22:38.466978,20.39999962,74,499,24, 19:22,4.75,12
2019-10-27 19:23:38.236980,,,567,37, 19:23,5.3,12
2019-10-27 19:24:38.006962,20.29999924,74.09999847,539,22, 19:24,5.17,12
2019-10-27 19:25:37.927101,20.20000076,74.30000305,494,17, 19:25,4.77,12
2019-10-27 19:26:37.556967,,,501,23, 19:26,4.78,12
2019-10-27 19:27:37.326967,,,513,15, 19:27,4.98,12
2019-10-27 19:28:37.096969,,,512,19, 19:28,4.93,12
2019-10-27 19:29:36.876986,20.20000076,75.09999847,464,22, 19:29,4.42,12
2019-10-27 19:30:36.647023,,,442,18, 19:30,4.24,12
2019-10-27 19:31:36.417003,20.20000076,75.09999847,469,24, 19:31,4.45,12
2019-10-27 19:32:36.197006,20.10000038,75.19999695,463,22, 19:32,4.41,12
2019-10-27 19:33:35.967022,20.10000038,75.30000305,452,15, 19:33,4.37,12
2019-10-27 19:34:35.737035,20.10000038,75.59999847,489,28, 19:34,4.61,12
2019-10-27 19:35:35.507079,20.10000038,75.69999695,480,25, 19:35,4.55,12
2019-10-27 19:36:35.277074,20,76,428,18, 19:36,4.1,12
2019-10-27 19:37:35.047109,20,76.30000305,464,27, 19:37,4.37,12
2019-10-27 19:38:34.816976,20,76.40000153,486,28, 19:38,4.58,12
2019-10-27 19:39:34.587004,19.89999962,76.5,449,17, 19:39,4.32,12
2019-10-27 19:40:34.357017,19.79999924,76.69999695,467,24, 19:40,4.43,12
2019-10-27 19:41:34.127069,19.79999924,77.09999847,473,22, 19:41,4.51,12
2019-10-27 19:42:33.897059,19.79999924,77.19999695,483,20, 19:42,4.63,12
2019-10-27 19:43:33.666954,19.70000076,77.5,447,22, 19:43,4.25,12
2019-10-27 19:44:33.436983,19.70000076,77.59999847,459,17, 19:44,4.42,12
2019-10-27 19:45:33.207007,19.70000076,78,459,17, 19:45,4.42,12
2019-10-27 19:46:32.977033,19.60000038,78.19999695,448,23, 19:46,4.25,12
2019-10-27 19:47:32.737055,19.60000038,78.5,457,23, 19:47,4.34,12
2019-10-27 19:48:32.507083,19.60000038,78.59999847,430,20, 19:48,4.1,12
2019-10-27 19:49:32.276969,19.5,78.5,466,26, 19:49,4.4,12
2019-10-27 19:50:32.047035,19.5,79.09999847,447,22, 19:50,4.25,12
2019-10-27 19:51:31.817017,19.5,79.19999695,452,19, 19:51,4.33,12
2019-10-27 19:52:31.587107,19.5,79.40000153,423,17, 19:52,4.06,12
2019-10-27 19:53:31.367054,19.5,79.40000153,422,15, 19:53,4.07,12
2019-10-27 19:54:31.137024,,,440,21, 19:54,4.19,12
2019-10-27 19:55:30.906991,19.5,79.69999695,478,27, 19:55,4.51,12
2019-10-27 19:56:30.676976,19.5,80,422,19, 19:56,4.03,12
2019-10-27 19:57:30.457078,19.5,80.30000305,421,23, 19:57,3.98,12
2019-10-27 19:58:30.227033,,,422,17, 19:58,4.05,12
2019-10-27 19:59:29.996990,19.39999962,80.59999847,427,18, 19:59,4.09,12
2019-10-27 20:00:29.767078,19.5,80.40000153,423,21, 20:00,4.02,12
2019-10-27 20:01:29.547039,19.5,80.69999695,430,24, 20:01,4.06,12
2019-10-27 20:02:29.317009,19.5,80.80000305,402,20, 20:02,3.82,12
2019-10-27 20:03:29.087122,19.5,80.80000305,402,19, 20:03,3.83,12
2019-10-27 20:04:28.857063,19.5,80.90000153,402,19, 20:04,3.83,12
2019-10-27 20:05:28.627030,19.5,81,400,20, 20:05,3.8,12
2019-10-27 20:06:28.397034,19.5,81,406,25, 20:06,3.81,12
2019-10-27 20:07:28.176996,,,399,22, 20:07,3.77,12
2019-10-27 20:08:27.947087,19.39999962,81.69999695,382,16, 20:08,3.66,12
2019-10-27 20:09:27.717076,19.39999962,81.59999847,442,22, 20:09,4.2,12
2019-10-27 20:10:27.497069,19.39999962,81.80000305,421,21, 20:10,4,12
2019-10-27 20:11:27.267063,19.29999924,82,419,21, 20:11,3.98,12
2019-10-27 20:12:27.037034,19.29999924,82.19999695,412,20, 20:12,3.92,12
2019-10-27 20:13:26.807048,19.20000076,82.5,397,21, 20:13,3.76,12
2019-10-27 20:14:26.577050,19.20000076,82.69999695,403,14, 20:14,3.89,12
2019-10-27 20:15:26.347013,19.20000076,83.09999847,391,19, 20:15,3.72,12
2019-10-27 20:16:26.127000,19.20000076,83.19999695,394,23, 20:16,3.71,12
2019-10-27 20:17:25.897001,19.20000076,83.19999695,399,25, 20:17,3.74,12
2019-10-27 20:18:25.666997,19.10000038,83.40000153,397,19, 20:18,3.78,12
2019-10-27 20:19:25.436995,19.10000038,83.59999847,383,18, 20:19,3.65,12
2019-10-27 20:20:25.207016,19.10000038,83.90000153,396,16, 20:20,3.8,12
2019-10-27 20:21:24.977000,19,83.90000153,377,18, 20:21,3.59,12
2019-10-27 20:22:24.746998,19,84.19999695,409,19, 20:22,3.9,12
2019-10-27 20:23:24.517144,19,84.30000305,399,24, 20:23,3.75,12
2019-10-27 20:24:24.287018,18.89999962,84.69999695,374,19, 20:24,3.55,12
2019-10-27 20:25:24.057000,19,84.5,396,18, 20:25,3.78,12
2019-10-27 20:26:23.817003,19,84.90000153,360,20, 20:26,3.4,12
2019-10-27 20:27:23.587006,19,85.19999695,387,17, 20:27,3.7,12
2019-10-27 20:28:23.357017,19,85,389,22, 20:28,3.67,12
2019-10-27 20:29:23.127020,19,85.40000153,403,23, 20:29,3.8,12
2019-10-27 20:30:22.897029,18.89999962,85,374,16, 20:30,3.58,12
2019-10-27 20:31:22.677035,19,85.40000153,372,16, 20:31,3.56,12
2019-10-27 20:32:22.447052,18.89999962,85.80000305,385,19, 20:32,3.66,12
2019-10-27 20:33:22.207036,18.89999962,85.30000305,382,22, 20:33,3.6,12
2019-10-27 20:34:21.987012,18.89999962,85.5,369,16, 20:34,3.53,12
2019-10-27 20:35:21.757101,18.89999962,85.59999847,383,22, 20:35,3.61,12
2019-10-27 20:36:21.527059,18.89999962,85.5,381,19, 20:36,3.62,12
2019-10-27 20:37:21.297028,18.89999962,86,378,21, 20:37,3.57,12
2019-10-27 20:38:21.076993,18.89999962,86.30000305,347,15, 20:38,3.32,12
2019-10-27 20:39:20.846971,19,86.40000153,348,15, 20:39,3.33,12
2019-10-27 20:40:20.617069,19,86.30000305,372,21, 20:40,3.51,12
2019-10-27 20:41:20.387069,19,86.19999695,378,21, 20:41,3.57,12
2019-10-27 20:42:20.157068,,,404,18, 20:42,3.86,12
2019-10-27 20:43:19.927017,19,86.19999695,370,23, 20:43,3.47,12
2019-10-27 20:44:19.706993,19,86.40000153,386,19, 20:44,3.67,12
2019-10-27 20:45:19.477006,19,86.40000153,385,16, 20:45,3.69,12
2019-10-27 20:46:19.247124,19,86.69999695,393,20, 20:46,3.73,12
2019-10-27 20:47:19.027074,19,86.69999695,401,20, 20:47,3.81,12
2019-10-27 20:48:18.797070,,,413,15, 20:48,3.98,12
2019-10-27 20:49:18.567052,19,86.90000153,398,23, 20:49,3.75,12
2019-10-27 20:50:18.337058,19,87.09999847,463,29, 20:50,4.34,12
2019-10-27 20:51:18.107036,19,87.69999695,485,24, 20:51,4.61,12
2019-10-27 20:52:17.877057,18.89999962,87.69999695,521,28, 20:52,4.93,12
2019-10-27 20:53:17.647040,18.89999962,87.80000305,504,29, 20:53,4.75,12
2019-10-27 20:54:17.427062,18.89999962,87.59999847,510,28, 20:54,4.82,12
2019-10-27 20:55:17.197027,18.79999924,87.69999695,478,24, 20:55,4.54,12
2019-10-27 20:56:16.967025,18.79999924,87.59999847,462,22, 20:56,4.4,12
2019-10-27 20:57:16.737033,18.79999924,88,499,29, 20:57,4.7,12
2019-10-27 20:58:16.507017,18.79999924,88.09999847,466,23, 20:58,4.43,12
2019-10-27 20:59:16.277188,18.79999924,87.59999847,494,20, 20:59,4.74,12
2019-10-27 21:00:16.046952,18.70000076,87.90000153,480,27, 21:00,4.53,12
2019-10-27 21:01:15.817045,18.70000076,88.09999847,486,21, 21:01,4.65,12
2019-10-27 21:02:15.587015,18.70000076,88.09999847,498,24, 21:02,4.74,12
2019-10-27 21:03:15.356998,18.70000076,88.5,482,23, 21:03,4.59,12
2019-10-27 21:04:15.126987,18.60000038,88.40000153,457,19, 21:04,4.38,12
2019-10-27 21:05:14.887078,18.60000038,88.90000153,497,28, 21:05,4.69,12
2019-10-27 21:06:14.657076,18.5,89,502,26, 21:06,4.76,12
2019-10-27 21:08:14.197022,18.5,89.19999695,441,21, 21:08,4.2,12
2019-10-27 21:10:13.746951,18.5,89.59999847,420,16, 21:10,4.04,12
2019-10-27 21:12:13.287048,18.39999962,90,442,21, 21:12,4.21,12
2019-10-27 21:14:12.827017,18.39999962,90,427,22, 21:14,4.05,12
2019-10-27 21:16:12.377000,18.39999962,90,423,17, 21:16,4.06,12
2019-10-27 21:17:12.147011,18.39999962,90.09999847,392,17, 21:17,3.75,12
2019-10-27 21:18:11.917108,18.39999962,90.09999847,423,22, 21:18,4.01,12
2019-10-27 21:19:11.687101,18.39999962,90.09999847,400,18, 21:19,3.82,12
2019-10-27 21:20:11.457091,18.39999962,90.19999695,414,21, 21:20,3.93,12
2019-10-27 21:21:11.237081,18.29999924,90.19999695,421,15, 21:21,4.06,12
2019-10-27 21:22:10.997078,18.39999962,90.30000305,430,21, 21:22,4.09,12
2019-10-27 21:23:10.767076,18.29999924,90.30000305,444,17, 21:23,4.27,12
2019-10-27 21:24:10.547106,18.29999924,90.5,464,24, 21:24,4.4,12
2019-10-27 21:25:10.317103,18.29999924,90.59999847,451,20, 21:25,4.31,12
2019-10-27 21:26:10.087069,18.29999924,90.69999695,438,18, 21:26,4.2,12
2019-10-27 21:27:09.857083,18.20000076,90.80000305,454,22, 21:27,4.32,12
2019-10-27 21:28:09.617039,18.20000076,90.69999695,441,24, 21:28,4.17,12
2019-10-27 21:29:09.387048,18.20000076,90.80000305,456,17, 21:29,4.39,12
2019-10-27 21:30:09.157042,18.20000076,90.90000153,445,23, 21:30,4.22,12
2019-10-27 21:31:08.927015,,,440,22, 21:31,4.18,12
2019-10-27 21:32:08.687062,18.10000038,91,451,18, 21:32,4.33,12
2019-10-27 21:33:08.457016,,,457,23, 21:33,4.34,12
2019-10-27 21:34:08.227027,18.10000038,91.19999695,478,25, 21:34,4.53,12
2019-10-27 21:35:07.987095,18.10000038,91.30000305,437,24, 21:35,4.13,12
2019-10-27 21:36:07.756946,18,91.09999847,468,17, 21:36,4.51,12
2019-10-27 21:37:07.527051,18,91.40000153,461,23, 21:37,4.38,12
2019-10-27 21:38:07.297046,,,470,23, 21:38,4.47,12
2019-10-27 21:39:07.067046,18,91.69999695,478,22, 21:39,4.56,12
2019-10-27 21:40:06.827124,17.89999962,91.59999847,467,26, 21:40,4.41,12
2019-10-27 21:41:06.596983,17.89999962,91.59999847,454,26, 21:41,4.28,12
2019-10-27 21:42:06.367057,17.89999962,91.69999695,457,22, 21:42,4.35,12
2019-10-27 21:43:06.137062,17.89999962,91.69999695,497,25, 21:43,4.72,12
2019-10-27 21:44:05.907049,17.89999962,91.69999695,493,25, 21:44,4.68,12
2019-10-27 21:45:05.677033,17.89999962,91.80000305,489,26, 21:45,4.63,12
2019-10-27 21:46:05.447035,17.89999962,91.90000153,484,26, 21:46,4.58,12
2019-10-27 21:47:05.207125,,,490,17, 21:47,4.73,12
2019-10-27 21:48:04.977003,17.89999962,92,483,19, 21:48,4.64,12
2019-10-27 21:49:04.747266,17.79999924,92,473,20, 21:49,4.53,12
2019-10-27 21:50:04.517062,17.89999962,92,494,26, 21:50,4.68,12
2019-10-27 21:51:04.287087,17.89999962,92.09999847,463,22, 21:51,4.41,12
2019-10-27 21:52:04.057027,17.89999962,92.30000305,501,25, 21:52,4.76,12
2019-10-27 21:53:03.827012,17.89999962,92.30000305,492,21, 21:53,4.71,12
2019-10-27 21:54:03.587000,17.89999962,92.09999847,482,25, 21:54,4.57,12
2019-10-27 21:55:03.356980,17.89999962,92.09999847,487,18, 21:55,4.69,12
2019-10-27 21:56:03.116971,17.89999962,92.09999847,490,28, 21:56,4.62,12
2019-10-27 21:57:02.887087,,,521,24, 21:57,4.97,12
2019-10-27 21:58:02.657074,17.89999962,92.5,504,24, 21:58,4.8,12
2019-10-27 21:59:02.427094,17.89999962,92,516,22, 21:59,4.94,12
2019-10-27 22:00:02.197069,17.89999962,92.30000305,499,19, 22:00,4.8,12
2019-10-27 22:01:01.967029,17.79999924,92,504,19, 22:01,4.85,12
2019-10-27 22:02:01.727052,17.79999924,92.30000305,505,23, 22:02,4.82,12
2019-10-27 22:03:01.497037,,,518,23, 22:03,4.95,12
2019-10-27 22:04:01.257007,17.79999924,92.5,570,26, 22:04,5.44,12
2019-10-27 22:05:01.026983,17.79999924,92.5,563,24, 22:05,5.39,12
2019-10-27 22:06:00.787103,17.70000076,92.59999847,578,26, 22:06,5.52,12
2019-10-27 22:07:00.556970,17.70000076,92.69999695,585,21, 22:07,5.64,12
2019-10-27 22:08:00.316962,17.60000038,92.80000305,608,30, 22:08,5.78,12
2019-10-27 22:09:00.087068,,,575,25, 22:09,5.5,12
2019-10-27 22:09:59.847077,17.5,93.09999847,608,26, 22:09,5.82,12
2019-10-27 22:10:59.617050,17.5,93,603,26, 22:10,5.77,12
2019-10-27 22:11:59.377065,17.5,93.19999695,624,30, 22:11,5.94,12
2019-10-27 22:12:59.147051,,,589,24, 22:12,5.65,12
2019-10-27 22:13:58.907024,17.39999962,93.19999695,599,25, 22:13,5.74,12
2019-10-27 22:14:58.666993,,,619,24, 22:14,5.95,12
2019-10-27 22:15:58.436964,17.39999962,93.69999695,602,23, 22:15,5.79,12
2019-10-27 22:16:58.207072,17.29999924,93.80000305,592,26, 22:16,5.66,12
2019-10-27 22:17:57.967046,,,626,30, 22:17,5.96,12
2019-10-27 22:18:57.727034,17.20000076,94,620,31, 22:18,5.89,12
2019-10-27 22:19:57.497012,,,643,24, 22:19,6.19,12
2019-10-27 22:20:57.256996,,,648,31, 22:20,6.17,12
2019-10-27 22:21:57.027080,17.20000076,94.30000305,646,32, 22:21,6.14,12
2019-10-27 22:22:56.787042,17.10000038,94.40000153,650,29, 22:22,6.21,12
2019-10-27 22:23:56.547041,17.10000038,94.59999847,607,26, 22:23,5.81,12
2019-10-27 22:24:56.317004,17.10000038,94.59999847,613,27, 22:24,5.86,12
2019-10-27 22:25:56.077072,,,599,30, 22:25,5.69,12
2019-10-27 22:26:55.847080,17,94.90000153,642,32, 22:26,6.1,12
2019-10-27 22:27:55.607034,17,94.90000153,615,22, 22:27,5.93,12
2019-10-27 22:28:55.377006,17,95,645,25, 22:28,6.2,12
2019-10-27 22:29:55.137103,17,94.90000153,614,27, 22:29,5.87,12
2019-10-27 22:30:54.907099,17,95.09999847,591,32, 22:30,5.59,12
2019-10-27 22:31:54.667094,17,95.19999695,649,28, 22:31,6.21,12
2019-10-27 22:32:54.437069,17,95.09999847,622,23, 22:32,5.99,12
2019-10-27 22:33:54.206993,17,95.19999695,612,24, 22:33,5.88,12
2019-10-27 22:34:53.967153,17,95.19999695,604,29, 22:34,5.75,12
2019-10-27 22:35:53.737045,17,95.09999847,597,25, 22:35,5.72,12
2019-10-27 22:36:53.497043,17,95.40000153,606,30, 22:36,5.76,12
2019-10-27 22:37:53.266999,,,582,30, 22:37,5.52,12
2019-10-27 22:38:53.026981,17,95.19999695,608,27, 22:38,5.81,12
2019-10-27 22:39:52.796947,17,95,566,22, 22:39,5.44,12
2019-10-27 22:40:52.567075,17,95.30000305,629,30, 22:40,5.99,12
2019-10-27 22:41:52.337050,17,95.19999695,595,21, 22:41,5.74,12
2019-10-27 22:42:52.097022,17,95.19999695,627,25, 22:42,6.02,12
2019-10-27 22:43:51.866985,17,95.40000153,596,28, 22:43,5.68,12
2019-10-27 22:44:51.637089,17,95.09999847,603,27, 22:44,5.76,12
2019-10-27 22:45:51.407095,17,95.19999695,599,31, 22:45,5.68,12
2019-10-27 22:46:51.177054,17,95.19999695,599,23, 22:46,5.76,12
2019-10-27 22:47:50.937072,16.89999962,95.5,618,28, 22:47,5.9,12
2019-10-27 22:48:50.707024,16.89999962,95.69999695,593,29, 22:48,5.64,12
2019-10-27 22:49:50.477005,16.89999962,95.90000153,611,24, 22:49,5.87,12
2019-10-27 22:50:50.247021,16.89999962,95.69999695,611,25, 22:50,5.86,12
2019-10-27 22:51:50.017115,16.89999962,95.69999695,578,29, 22:51,5.49,12
2019-10-27 22:52:49.787067,16.79999924,95.69999695,567,21, 22:52,5.46,12
2019-10-27 22:53:49.557025,16.79999924,95.90000153,607,26, 22:53,5.81,12
2019-10-27 22:54:49.327037,16.89999962,96,596,22, 22:54,5.74,12
2019-10-27 22:55:49.097025,16.89999962,95.69999695,600,24, 22:55,5.76,12
2019-10-27 22:56:48.867168,16.89999962,96,576,26, 22:56,5.5,12
2019-10-27 22:57:48.637001,16.89999962,95.80000305,590,26, 22:57,5.64,12
2019-10-27 22:58:48.397080,16.89999962,95.59999847,579,21, 22:58,5.58,12
2019-10-27 22:59:48.167021,16.89999962,95.90000153,567,25, 22:59,5.42,12
2019-10-27 23:00:47.937102,16.89999962,95.59999847,572,23, 23:00,5.49,12
2019-10-27 23:01:47.707078,16.89999962,95.30000305,566,21, 23:01,5.45,12
2019-10-27 23:02:47.467054,17,95.5,589,26, 23:02,5.63,12
2019-10-27 23:03:47.237137,17,95.69999695,592,22, 23:03,5.7,12
2019-10-27 23:04:47.007067,,,568,22, 23:04,5.46,12
2019-10-27 23:05:46.777029,17,95.40000153,602,26, 23:05,5.76,12
2019-10-27 23:06:46.547075,17,95.40000153,596,23, 23:06,5.73,12
2019-10-27 23:07:46.307044,17,95.69999695,580,23, 23:07,5.57,12
2019-10-27 23:08:46.077004,16.89999962,95.69999695,598,29, 23:08,5.69,12
2019-10-27 23:09:45.836960,16.89999962,95.69999695,587,22, 23:09,5.65,12
2019-10-27 23:10:45.607078,16.89999962,95.90000153,526,20, 23:10,5.06,12
2019-10-27 23:11:45.377016,16.89999962,95.90000153,574,17, 23:11,5.57,12
2019-10-27 23:12:45.146999,16.89999962,95.69999695,591,24, 23:12,5.67,12
2019-10-27 23:13:44.907078,16.89999962,95.90000153,553,22, 23:13,5.31,12
2019-10-27 23:14:44.677058,16.89999962,95.69999695,569,22, 23:14,5.47,12
2019-10-27 23:15:44.447052,16.89999962,95.5,559,22, 23:15,5.37,12
2019-10-27 23:16:44.207000,16.89999962,95.59999847,572,21, 23:16,5.51,12
2019-10-27 23:17:43.977112,16.89999962,95.69999695,607,25, 23:17,5.82,12
2019-10-27 23:18:43.747050,16.89999962,95.5,580,26, 23:18,5.54,12
2019-10-27 23:19:43.516993,16.89999962,95.90000153,623,23, 23:19,6,12
2019-10-27 23:20:43.287095,16.89999962,95.80000305,652,31, 23:20,6.21,12
2019-10-27 23:21:43.057064,16.79999924,95.80000305,597,25, 23:21,5.72,12
2019-10-27 23:22:42.817012,16.79999924,95.80000305,612,27, 23:22,5.85,
2019-10-27 23:23:42.587004,16.79999924,96.09999847,606,21, 23:23,5.85,
2019-10-27 23:24:42.357081,16.79999924,96.09999847,605,25, 23:24,5.8,
2019-10-27 23:25:42.117065,16.70000076,96.09999847,615,29, 23:25,5.86,
2019-10-27 23:26:41.887013,16.70000076,96.19999695,613,21, 23:26,5.92,
2019-10-27 23:27:41.647113,16.60000038,96.30000305,635,27, 23:27,6.08,
2019-10-27 23:28:41.417090,16.60000038,96.30000305,638,25, 23:28,6.13,
2019-10-27 23:29:41.177084,16.60000038,96.30000305,683,24, 23:29,6.59,
2019-10-27 23:30:40.947043,,,658,29, 23:30,6.29,
2019-10-27 23:31:40.706997,16.5,96.80000305,661,26, 23:31,6.35,
2019-10-27 23:32:40.476960,16.5,96.90000153,658,28, 23:32,6.3,
2019-10-27 23:33:40.237084,16.5,96.90000153,735,27, 23:33,7.08,
2019-10-27 23:34:39.997030,16.5,97,715,26, 23:34,6.89,
2019-10-27 23:35:39.767014,16.39999962,96.80000305,651,26, 23:35,6.25,
2019-10-27 23:36:39.526981,16.39999962,97,681,24, 23:36,6.57,
2019-10-27 23:37:39.297102,16.39999962,97.09999847,687,23, 23:37,6.64,
2019-10-27 23:38:39.057047,16.39999962,96.90000153,718,26, 23:38,6.92,
2019-10-27 23:39:38.827023,16.39999962,96.90000153,747,31, 23:39,7.16,
2019-10-27 23:40:38.587118,16.29999924,97.09999847,766,33, 23:40,7.33,
2019-10-27 23:41:38.356984,,,761,36, 23:41,7.25,
2019-10-27 23:42:38.117061,16.29999924,97.19999695,739,29, 23:42,7.1,
2019-10-27 23:43:37.877025,16.20000076,97.30000305,771,32, 23:43,7.39,
2019-10-27 23:44:37.636998,16.20000076,97.69999695,788,29, 23:44,7.59,
2019-10-27 23:45:37.397126,16.10000038,97.69999695,816,29, 23:45,7.87,
2019-10-27 23:46:37.167030,16.10000038,97.80000305,788,28, 23:46,7.6,
2019-10-27 23:47:36.926993,16.10000038,97.90000153,822,32, 23:47,7.9,
2019-10-27 23:48:36.687077,16,98,800,32, 23:48,7.68,
2019-10-27 23:49:36.437042,16,98,810,34, 23:49,7.76,
2019-10-27 23:50:36.197000,16,98.09999847,811,32, 23:50,7.79,
2019-10-27 23:51:35.956969,16,98,798,34, 23:51,7.64,
2019-10-27 23:52:35.727043,16,98.30000305,816,30, 23:52,7.86,
2019-10-27 23:53:35.487039,16,98.19999695,838,36, 23:53,8.02,
2019-10-27 23:54:35.246984,16,98.40000153,812,32, 23:54,7.8,
2019-10-27 23:55:35.007061,,,768,26, 23:55,7.42,
2019-10-27 23:56:34.767026,15.89999962,98.69999695,753,28, 23:56,7.25,
2019-10-27 23:57:34.526992,15.89999962,98.5,762,26, 23:57,7.36,
2019-10-27 23:58:34.287088,16,98.69999695,818,36, 23:58,7.82,
2019-10-27 23:59:34.047058,16,98.5,779,26, 23:59,7.53,